Sample description: 
Sample:   c= 0 mg/ml  Code: 
 8.000000e-003  8.650406e+001  4.691730e+000
 9.000000e-003  8.571991e+001  3.043970e+000
 1.000000e-002  8.546692e+001  2.473520e+000
 1.100000e-002  8.550085e+001  1.986120e+000
 1.200000e-002  8.551173e+001  1.760290e+000
 1.300000e-002  8.518230e+001  1.511060e+000
 1.400000e-002  8.456984e+001  1.370860e+000
 1.500000e-002  8.398324e+001  1.284130e+000
 1.600000e-002  8.362155e+001  1.168390e+000
 1.700000e-002  8.412276e+001  1.156010e+000
 1.800000e-002  8.352209e+001  1.144070e+000
 1.900000e-002  8.333779e+001  1.066580e+000
 2.000000e-002  8.338734e+001  1.025970e+000
 2.100000e-002  8.280742e+001  1.014570e+000
 2.200000e-002  8.255273e+001  9.808500e-001
 2.300000e-002  8.251749e+001  9.494600e-001
 2.400000e-002  8.232587e+001  9.322600e-001
 2.500000e-002  8.172790e+001  9.183100e-001
 2.600000e-002  8.166523e+001  8.661500e-001
 2.700000e-002  8.101046e+001  8.638400e-001
 2.800000e-002  8.040569e+001  8.780700e-001
 2.900000e-002  7.962907e+001  9.130000e-001
 3.000000e-002  7.992507e+001  9.048200e-001
 3.100000e-002  7.987823e+001  8.685500e-001
 3.200000e-002  7.964670e+001  8.610800e-001
 3.300000e-002  7.931351e+001  8.858700e-001
 3.400000e-002  7.876302e+001  9.039900e-001
 3.500000e-002  7.838409e+001  9.088800e-001
 3.600000e-002  7.818856e+001  9.174500e-001
 3.700000e-002  7.786860e+001  9.340600e-001
 3.800000e-002  7.717844e+001  1.017340e+000
 3.900000e-002  7.690078e+001  1.133790e+000
 4.000000e-002  7.680990e+001  1.098960e+000
 4.100000e-002  7.568398e+001  1.065520e+000
 4.200000e-002  7.575794e+001  1.043600e+000
 4.300000e-002  7.521416e+001  1.000850e+000
 4.400000e-002  7.439663e+001  1.010250e+000
 4.500000e-002  7.435237e+001  9.414600e-001
 4.600000e-002  7.398737e+001  9.047300e-001
 4.700000e-002  7.391866e+001  8.512000e-001
 4.800000e-002  7.367787e+001  9.754000e-001
 4.900000e-002  7.260711e+001  8.051300e-001
 5.025000e-002  7.267853e+001  6.002900e-001
 5.200000e-002  7.142748e+001  5.307000e-001
 5.400000e-002  7.030129e+001  5.209500e-001
 5.600000e-002  6.937558e+001  5.186000e-001
 5.800000e-002  6.848909e+001  4.995000e-001
 6.000000e-002  6.681351e+001  5.048600e-001
 6.200000e-002  6.622269e+001  4.800200e-001
 6.400000e-002  6.484435e+001  4.785900e-001
 6.600000e-002  6.390922e+001  4.618800e-001
 6.800000e-002  6.240751e+001  4.629700e-001
 7.000000e-002  6.149545e+001  4.462500e-001
 7.200000e-002  6.064664e+001  4.423600e-001
 7.400000e-002  5.913962e+001  4.327600e-001
 7.600000e-002  5.792322e+001  4.320500e-001
 7.800000e-002  5.689329e+001  4.189200e-001
 8.000000e-002  5.552397e+001  4.089400e-001
 8.200000e-002  5.454702e+001  4.040800e-001
 8.400000e-002  5.303415e+001  4.042600e-001
 8.600000e-002  5.173755e+001  3.890300e-001
 8.800000e-002  5.042034e+001  3.876300e-001
 9.000000e-002  4.911573e+001  3.781400e-001
 9.200000e-002  4.808903e+001  3.722200e-001
 9.400000e-002  4.672490e+001  3.690200e-001
 9.600000e-002  4.573871e+001  4.599400e-001
 9.800000e-002  4.480360e+001  3.604100e-001
 1.007500e-001  4.260452e+001  2.408300e-001
 1.050000e-001  4.000590e+001  2.131100e-001
 1.100000e-001  3.692947e+001  2.117700e-001
 1.150000e-001  3.502880e+001  3.779300e-001
 1.200000e-001  3.212486e+001  6.619300e-001
 1.250000e-001  2.934541e+001  3.623000e-001
 1.300000e-001  2.669212e+001  3.562500e-001
 1.350000e-001  2.419538e+001  2.927000e-001
 1.400000e-001  2.179613e+001  2.535600e-001
 1.450000e-001  1.959890e+001  1.920100e-001
 1.500000e-001  1.760888e+001  2.209700e-001
 1.550000e-001  1.570712e+001  2.298100e-001
 1.600000e-001  1.391539e+001  1.837600e-001
 1.650000e-001  1.238244e+001  1.816200e-001
 1.700000e-001  1.093363e+001  1.637300e-001
 1.750000e-001  9.592970e+000  1.533000e-001
 1.800000e-001  8.327390e+000  1.829200e-001
 1.850000e-001  7.288460e+000  1.330700e-001
 1.900000e-001  6.294210e+000  1.375500e-001
 1.950000e-001  5.476680e+000  1.482700e-001
 2.000000e-001  4.781770e+000  1.255500e-001
 2.050000e-001  4.129100e+000  1.443000e-001
 2.100000e-001  3.654080e+000  1.420300e-001
 2.150000e-001  3.137900e+000  1.087500e-001
 2.200000e-001  2.723330e+000  1.071800e-001
 2.250000e-001  2.408610e+000  1.241900e-001
 2.300000e-001  2.109760e+000  1.021800e-001
 2.350000e-001  1.838190e+000  1.507200e-001
 2.400000e-001  1.641260e+000  1.003000e-001
 2.450000e-001  1.600990e+000  9.492000e-002
 2.500000e-001  1.485150e+000  8.009000e-002
 2.550000e-001  1.423070e+000  8.794000e-002
 2.600000e-001  1.317640e+000  1.036300e-001
 2.650000e-001  1.261000e+000  1.001700e-001
 2.700000e-001  1.263160e+000  1.245200e-001
 2.750000e-001  1.233680e+000  1.151900e-001
 2.800000e-001  1.227800e+000  1.559800e-001
 2.850000e-001  1.267870e+000  1.519100e-001
 2.900000e-001  1.344230e+000  8.296000e-002
 2.950000e-001  1.373170e+000  1.229400e-001
 3.000000e-001  1.362880e+000  7.716000e-002
 3.050000e-001  1.369170e+000  7.368000e-002
 3.100000e-001  1.379170e+000  9.664000e-002
 3.150000e-001  1.403730e+000  1.062800e-001
 3.200000e-001  1.398470e+000  1.206400e-001
 3.250000e-001  1.409420e+000  2.133000e-001
 3.300000e-001  1.445900e+000  1.332200e-001
 3.350000e-001  1.466120e+000  3.905700e-001
 3.400000e-001  1.427080e+000  9.032000e-002
 3.450000e-001  1.429630e+000  1.390800e-001
 3.500000e-001  1.416620e+000  1.034700e-001
 3.550000e-001  1.399690e+000  8.527000e-002
 3.600000e-001  1.387550e+000  1.017700e-001
 3.650000e-001  1.381880e+000  8.247000e-002
 3.700000e-001  1.382040e+000  8.211000e-002
 3.750000e-001  1.360490e+000  6.925000e-002
 3.800000e-001  1.367150e+000  6.644000e-002
 3.850000e-001  1.324740e+000  6.886000e-002
 3.900000e-001  1.285240e+000  6.436000e-002
 3.950000e-001  1.209810e+000  7.762000e-002
 4.000000e-001  1.184630e+000  1.570800e-001
 4.050000e-001  1.168680e+000  7.035000e-002
 4.100000e-001  1.133330e+000  6.109000e-002
 4.150000e-001  1.107310e+000  1.555300e-001
 4.200000e-001  1.055230e+000  9.285000e-002
 4.250000e-001  1.039930e+000  6.394000e-002
 4.300000e-001  9.964200e-001  8.504000e-002
 4.350000e-001  9.495200e-001  8.935000e-002
 4.400000e-001  9.278400e-001  1.234200e-001
 4.450000e-001  8.815000e-001  1.277400e-001
 4.500000e-001  8.695700e-001  9.144000e-002
 4.550000e-001  8.144200e-001  6.611000e-002
 4.600000e-001  8.132900e-001  7.693000e-002
 4.650000e-001  8.050500e-001  1.127000e-001
 4.700000e-001  7.951200e-001  8.846000e-002
 4.750000e-001  7.583500e-001  9.356000e-002
 4.800000e-001  7.640900e-001  6.481000e-002
 4.850000e-001  7.377000e-001  7.749000e-002
 4.900000e-001  7.113700e-001  8.646000e-002
 4.950000e-001  7.324400e-001  6.358000e-002
 5.012500e-001  7.330400e-001  5.703500e-001
 5.100000e-001  7.068200e-001  5.119000e-002
 5.200000e-001  7.113300e-001  4.610000e-002
 5.300000e-001  7.210900e-001  5.832000e-002
 5.400000e-001  7.450400e-001  5.528000e-002
 5.500000e-001  7.584900e-001  5.953000e-002
 5.600000e-001  7.564000e-001  7.861000e-002
 5.700000e-001  7.879100e-001  7.216000e-002
 5.800000e-001  8.103900e-001  7.106000e-002
 5.900000e-001  8.360700e-001  6.490000e-002
 6.000000e-001  8.224000e-001  5.664000e-002
 6.100000e-001  8.334400e-001  4.864000e-002
 6.200000e-001  8.234500e-001  8.476000e-002
 6.300000e-001  8.337100e-001  7.803000e-002
 6.400000e-001  8.481300e-001  5.492000e-002
 6.500000e-001  8.338700e-001  5.140000e-002
 6.600000e-001  7.910200e-001  7.594000e-002
 6.700000e-001  8.052700e-001  7.880000e-002
 6.800000e-001  7.477500e-001  1.327000e-001
 6.900000e-001  6.865900e-001  5.317000e-002
 7.000000e-001  6.596800e-001  5.143000e-002
 7.100000e-001  6.037000e-001  5.733000e-002
 7.200000e-001  5.484800e-001  7.601000e-002
 7.300000e-001  5.378500e-001  4.469000e-002
 7.400000e-001  4.988800e-001  4.424000e-001
 7.500000e-001  5.099600e-001  5.296000e-002
 7.600000e-001  4.607500e-001  6.271000e-002
 7.700000e-001  4.160200e-001  1.165700e-001
 7.800000e-001  4.267700e-001  5.636000e-002
 7.900000e-001  4.415500e-001  6.038000e-002
 8.000000e-001  3.789500e-001  5.903000e-002
 8.100000e-001  3.676600e-001  6.517000e-002
 8.200000e-001  3.938200e-001  5.896000e-002
 8.300000e-001  3.518600e-001  5.976000e-002
 8.400000e-001  3.322200e-001  5.392000e-002
 8.500000e-001  3.838300e-001  6.506000e-002
 8.600000e-001  3.411600e-001  6.721000e-002
 8.700000e-001  3.607400e-001  5.786000e-002
 8.800000e-001  3.604600e-001  5.104000e-002
 8.900000e-001  3.455000e-001  6.356000e-002
 9.000000e-001  3.719300e-001  5.774000e-002
 9.100000e-001  3.605800e-001  5.593000e-002
 9.200000e-001  3.113200e-001  7.670000e-002
 9.300000e-001  2.875400e-001  5.172000e-002
 9.400000e-001  3.161600e-001  6.313000e-002
 9.500000e-001  3.236300e-001  1.854400e-001
 9.600000e-001  3.342400e-001  5.604000e-002
 9.700000e-001  3.234300e-001  4.996000e-002
 9.800000e-001  3.522400e-001  6.952000e-002
 9.900000e-001  3.631700e-001  7.370000e-002
 1.005000e+000  3.447500e-001  5.444000e-002
 1.030000e+000  3.189800e-001  4.578000e-002
 1.060000e+000  3.426900e-001  4.880000e-002
 1.090000e+000  3.127700e-001  5.328000e-002
 1.120000e+000  3.469400e-001  8.428000e-002
 1.150000e+000  3.424700e-001  7.435000e-002
 1.180000e+000  3.643100e-001  9.512000e-002
 1.210000e+000  3.956100e-001  7.944000e-002
 1.240000e+000  4.168800e-001  8.327000e-002
 1.270000e+000  4.669600e-001  1.893200e-001
 1.300000e+000  5.078400e-001  9.651000e-002
 1.330000e+000  5.548700e-001  9.972000e-002
 1.360000e+000  6.261100e-001  1.106200e-001
 1.390000e+000  6.027300e-001  1.107200e-001
 1.420000e+000  6.153800e-001  1.020700e-001
 1.450000e+000  5.990200e-001  1.046600e-001
 1.480000e+000  5.851800e-001  1.018900e-001
 1.510000e+000  5.335200e-001  1.051000e-001
 1.540000e+000  4.654400e-001  1.070600e-001
 1.570000e+000  4.109400e-001  1.162300e-001
 1.600000e+000  3.625700e-001  2.624500e-001
 1.630000e+000  2.956300e-001  1.166500e-001
 1.660000e+000  2.381800e-001  1.462000e-001
 1.690000e+000  7.037000e-002  1.286400e-001
 1.720000e+000  6.100000e-002  1.368400e-001
range-from: 1
range-to: 222
transmitted beam intensity from WAXS (q~1.74): 1907.740982
