### DATA:
#
# 1696
#      Q             I(Q)           Error     
2.90283960E-03  1.52516586E+00  1.09645689E-01
3.02636469E-03  1.61811141E+00  9.79546456E-02
3.14988978E-03  1.44960721E+00  8.57084901E-02
3.27341487E-03  1.56914805E+00  7.77548248E-02
3.39693996E-03  1.67709197E+00  7.33499547E-02
3.52046505E-03  1.64395747E+00  6.78690398E-02
3.64399014E-03  1.51059696E+00  6.34928402E-02
3.76751523E-03  1.62212489E+00  5.93535352E-02
3.89104032E-03  1.55008036E+00  5.71924855E-02
4.01456541E-03  1.58488569E+00  5.39894166E-02
4.13809050E-03  1.56788341E+00  5.10011074E-02
4.26161559E-03  1.53795984E+00  4.88296677E-02
4.38514068E-03  1.57162053E+00  4.65670749E-02
4.50866577E-03  1.66296972E+00  4.48265367E-02
4.63219086E-03  1.70915333E+00  4.32926883E-02
4.75571595E-03  1.66082255E+00  4.13435866E-02
4.87924104E-03  1.69731078E+00  3.97304524E-02
5.00276613E-03  1.66046438E+00  3.88417200E-02
5.12629122E-03  1.63741190E+00  3.73910872E-02
5.24981630E-03  1.69011309E+00  3.62436600E-02
5.37334139E-03  1.71328819E+00  3.53340693E-02
5.49686648E-03  1.67226320E+00  3.45251787E-02
5.62039157E-03  1.58149104E+00  3.35429575E-02
5.74391666E-03  1.60241337E+00  3.25536939E-02
5.86744175E-03  1.65494540E+00  3.23356940E-02
5.99096684E-03  1.58581199E+00  3.11374900E-02
6.11449193E-03  1.60267707E+00  3.13143389E-02
6.23801702E-03  1.57250338E+00  3.05887130E-02
6.36154211E-03  1.69909562E+00  2.95862620E-02
6.48506720E-03  1.69037757E+00  2.95959685E-02
6.60859229E-03  1.59439500E+00  2.91578061E-02
6.73211738E-03  1.57372455E+00  2.85462397E-02
6.85564247E-03  1.60078341E+00  2.77491191E-02
6.97916756E-03  1.60419925E+00  2.73760783E-02
7.10269265E-03  1.59738873E+00  2.76430070E-02
7.22621774E-03  1.57800296E+00  2.69355761E-02
7.34974283E-03  1.58790116E+00  2.67843095E-02
7.47326792E-03  1.65553817E+00  2.62298661E-02
7.59679301E-03  1.62033267E+00  2.56406664E-02
7.72031810E-03  1.56595934E+00  2.58668816E-02
7.84384319E-03  1.61748223E+00  2.55086171E-02
7.96736827E-03  1.60200812E+00  2.51081472E-02
8.09089336E-03  1.62343374E+00  2.51700035E-02
8.21441845E-03  1.64231228E+00  2.47492310E-02
8.33794354E-03  1.59299706E+00  2.46155753E-02
8.46146863E-03  1.60554879E+00  2.41106486E-02
8.58499372E-03  1.63841910E+00  2.40565736E-02
8.70851881E-03  1.56693099E+00  2.39414983E-02
8.83204390E-03  1.58270965E+00  2.35535058E-02
8.95556899E-03  1.59660170E+00  2.33662168E-02
9.07909408E-03  1.62570647E+00  2.28169001E-02
9.20261917E-03  1.60387734E+00  2.28457454E-02
9.32614426E-03  1.60172834E+00  2.29560656E-02
9.44966935E-03  1.57694185E+00  2.24794052E-02
9.57319444E-03  1.54882210E+00  2.22644904E-02
9.69671953E-03  1.56113208E+00  2.20555572E-02
9.82024462E-03  1.59437837E+00  2.21047461E-02
9.94376971E-03  1.60493077E+00  2.16455235E-02
1.00672948E-02  1.62305783E+00  2.14754815E-02
1.01908199E-02  1.59444442E+00  2.16331970E-02
1.03143450E-02  1.61996516E+00  2.11926148E-02
1.04378701E-02  1.57094825E+00  2.11373925E-02
1.05613952E-02  1.61842145E+00  2.08392799E-02
1.06849202E-02  1.58428029E+00  2.07704530E-02
1.08084453E-02  1.55864745E+00  2.06748766E-02
1.09319704E-02  1.56941138E+00  2.04624141E-02
1.10554955E-02  1.59835115E+00  2.03636746E-02
1.11790206E-02  1.61796854E+00  2.00835053E-02
1.13025457E-02  1.57227517E+00  2.00048008E-02
1.14260708E-02  1.56268155E+00  2.00036352E-02
1.15495959E-02  1.56122844E+00  1.98310537E-02
1.16731210E-02  1.61511352E+00  1.96695441E-02
1.17966460E-02  1.59449869E+00  1.95363176E-02
1.19201711E-02  1.63079577E+00  1.94467116E-02
1.20436962E-02  1.55559486E+00  1.93938781E-02
1.21672213E-02  1.56764181E+00  1.90479748E-02
1.22907464E-02  1.56909092E+00  1.90346810E-02
1.24142715E-02  1.58285710E+00  1.89455807E-02
1.25377966E-02  1.55086915E+00  1.89342225E-02
1.26613217E-02  1.58725714E+00  1.86581244E-02
1.27848468E-02  1.58775854E+00  1.86459720E-02
1.29083719E-02  1.52933276E+00  1.85504299E-02
1.30318969E-02  1.57922510E+00  1.84982666E-02
1.31554220E-02  1.55966572E+00  1.82651281E-02
1.32789471E-02  1.55223946E+00  1.80785935E-02
1.34024722E-02  1.56638572E+00  1.81875250E-02
1.35259973E-02  1.57764580E+00  1.80288013E-02
1.36495224E-02  1.58331950E+00  1.79893108E-02
1.37730475E-02  1.59698022E+00  1.78502732E-02
1.38965726E-02  1.59169883E+00  1.77599185E-02
1.40200977E-02  1.56915361E+00  1.77020086E-02
1.41436228E-02  1.58118786E+00  1.76458935E-02
1.42671478E-02  1.57462812E+00  1.73891022E-02
1.43906729E-02  1.61955364E+00  1.74844512E-02
1.45141980E-02  1.58079300E+00  1.72319393E-02
1.46377231E-02  1.59267947E+00  1.72794187E-02
1.47612482E-02  1.58393276E+00  1.71712086E-02
1.48847733E-02  1.54713213E+00  1.70273508E-02
1.50082984E-02  1.52733114E+00  1.69347749E-02
1.51318235E-02  1.56664596E+00  1.69028090E-02
1.52553486E-02  1.54529841E+00  1.68778532E-02
1.53788736E-02  1.53589629E+00  1.66605196E-02
1.55023987E-02  1.54580217E+00  1.66188248E-02
1.56259238E-02  1.60892540E+00  1.66824552E-02
1.57494489E-02  1.54093030E+00  1.66010161E-02
1.58729740E-02  1.52323289E+00  1.63790622E-02
1.59964991E-02  1.53953134E+00  1.63543556E-02
1.61200242E-02  1.56634904E+00  1.62600703E-02
1.62435493E-02  1.56627072E+00  1.62374399E-02
1.63670744E-02  1.51213486E+00  1.61713121E-02
1.64905995E-02  1.56360662E+00  1.60299160E-02
1.66141245E-02  1.53154597E+00  1.59862502E-02
1.67376496E-02  1.53249880E+00  1.60170396E-02
1.68611747E-02  1.50032041E+00  1.58701372E-02
1.69846998E-02  1.52856230E+00  1.57931196E-02
1.71082249E-02  1.51947375E+00  1.57628746E-02
1.72317500E-02  1.54444323E+00  1.57188105E-02
1.73552751E-02  1.52924544E+00  1.56273801E-02
1.74788002E-02  1.53563431E+00  1.54509340E-02
1.76023253E-02  1.52370005E+00  1.55674844E-02
1.77258503E-02  1.53806788E+00  1.54309679E-02
1.78493754E-02  1.56998891E+00  1.54571942E-02
1.79729005E-02  1.52214386E+00  1.52932097E-02
1.80964256E-02  1.52778982E+00  1.52024509E-02
1.82199507E-02  1.54217878E+00  1.52117268E-02
1.83434758E-02  1.53025903E+00  1.51553253E-02
1.84670009E-02  1.55235801E+00  1.51119262E-02
1.85905260E-02  1.54434314E+00  1.49556043E-02
1.87140511E-02  1.55564544E+00  1.49979507E-02
1.88375762E-02  1.53261447E+00  1.49623931E-02
1.89611012E-02  1.50670205E+00  1.48315081E-02
1.90846263E-02  1.56192251E+00  1.47980820E-02
1.92081514E-02  1.53661474E+00  1.48248020E-02
1.93316765E-02  1.53671219E+00  1.47316687E-02
1.94552016E-02  1.51138150E+00  1.46754209E-02
1.95787267E-02  1.54295594E+00  1.44461334E-02
1.97022518E-02  1.48716163E+00  1.45637096E-02
1.98257769E-02  1.50110908E+00  1.44811799E-02
1.99493020E-02  1.51622869E+00  1.44847302E-02
2.00728270E-02  1.53050827E+00  1.44450362E-02
2.01963521E-02  1.50943050E+00  1.42802845E-02
2.03198772E-02  1.50170337E+00  1.42605671E-02
2.04434023E-02  1.52864590E+00  1.42483907E-02
2.05669274E-02  1.50236109E+00  1.42307584E-02
2.06904525E-02  1.50906205E+00  1.41034706E-02
2.08139776E-02  1.50535850E+00  1.40612322E-02
2.09375027E-02  1.52060057E+00  1.41064893E-02
2.10610278E-02  1.51215144E+00  1.40404287E-02
2.11845529E-02  1.49104212E+00  1.39298840E-02
2.13080779E-02  1.47287819E+00  1.39470148E-02
2.14316030E-02  1.51252902E+00  1.38306700E-02
2.15551281E-02  1.49961337E+00  1.38742775E-02
2.16786532E-02  1.49401190E+00  1.36789769E-02
2.18021783E-02  1.48668262E+00  1.37816253E-02
2.19257034E-02  1.48811311E+00  1.37157103E-02
2.20492285E-02  1.48352222E+00  1.36586199E-02
2.21727536E-02  1.48817916E+00  1.36425015E-02
2.22962787E-02  1.47667691E+00  1.35319243E-02
2.24198037E-02  1.51733349E+00  1.35243639E-02
2.25433288E-02  1.49749208E+00  1.35366167E-02
2.26668539E-02  1.51553639E+00  1.34421624E-02
2.27903790E-02  1.49541019E+00  1.34079032E-02
2.29139041E-02  1.48247599E+00  1.33617357E-02
2.30374292E-02  1.49634969E+00  1.33170530E-02
2.31609543E-02  1.48026046E+00  1.33704742E-02
2.32844794E-02  1.46993220E+00  1.31981104E-02
2.34080045E-02  1.47379230E+00  1.32194553E-02
2.35315296E-02  1.50942948E+00  1.31450674E-02
2.36550546E-02  1.48274575E+00  1.31707939E-02
2.37785797E-02  1.47060231E+00  1.30890410E-02
2.39021048E-02  1.47350080E+00  1.30154418E-02
2.40256299E-02  1.47431504E+00  1.30438719E-02
2.41491550E-02  1.46330229E+00  1.30610783E-02
2.42726801E-02  1.46024543E+00  1.28780859E-02
2.43962052E-02  1.48542804E+00  1.29229986E-02
2.45197303E-02  1.46377231E+00  1.28541820E-02
2.46432554E-02  1.46226218E+00  1.28204170E-02
2.47667805E-02  1.47332946E+00  1.28342633E-02
2.48903055E-02  1.45182259E+00  1.27410180E-02
2.50138306E-02  1.45070653E+00  1.27227279E-02
2.51373557E-02  1.45882476E+00  1.26946523E-02
2.52608808E-02  1.44697916E+00  1.26732244E-02
2.53844059E-02  1.42576250E+00  1.26204050E-02
2.55079310E-02  1.46425595E+00  1.26033902E-02
2.56314561E-02  1.46556188E+00  1.25913348E-02
2.57549812E-02  1.45569367E+00  1.25586395E-02
2.58785063E-02  1.43615736E+00  1.24098969E-02
2.60020313E-02  1.44183811E+00  1.24672020E-02
2.61255564E-02  1.46014269E+00  1.24204410E-02
2.62490815E-02  1.45167914E+00  1.24662151E-02
2.63726066E-02  1.44385206E+00  1.23528049E-02
2.64961317E-02  1.45781111E+00  1.22988876E-02
2.66196568E-02  1.46017137E+00  1.23115691E-02
2.67431819E-02  1.42691657E+00  1.22496903E-02
2.68667070E-02  1.44775816E+00  1.23014716E-02
2.69902321E-02  1.42032545E+00  1.21854680E-02
2.71137572E-02  1.45576331E+00  1.21752891E-02
2.72372822E-02  1.42783600E+00  1.21470934E-02
2.73608073E-02  1.42242161E+00  1.21165346E-02
2.74843324E-02  1.42138932E+00  1.20701218E-02
2.76078575E-02  1.40941813E+00  1.20735946E-02
2.77313826E-02  1.42251293E+00  1.20382229E-02
2.78549077E-02  1.41490660E+00  1.20314684E-02
2.79784328E-02  1.42124158E+00  1.19598157E-02
2.81019579E-02  1.43821581E+00  1.19485766E-02
2.82254830E-02  1.44495172E+00  1.19569797E-02
2.83490080E-02  1.42170160E+00  1.20839590E-02
2.84725331E-02  1.40623763E+00  1.21543759E-02
2.85960582E-02  1.42060376E+00  1.21709222E-02
2.87195833E-02  1.41740163E+00  1.21526861E-02
2.88431084E-02  1.41763328E+00  1.22274409E-02
2.89666335E-02  1.40122747E+00  1.21910318E-02
2.90901586E-02  1.41978869E+00  1.22254359E-02
2.92136837E-02  1.41211381E+00  1.22394660E-02
2.93372088E-02  1.41192613E+00  1.22375635E-02
2.94607339E-02  1.39572527E+00  1.22637471E-02
2.95842589E-02  1.42321557E+00  1.22261806E-02
2.97077840E-02  1.41972745E+00  1.22323095E-02
2.98313091E-02  1.38991001E+00  1.22127705E-02
2.99548342E-02  1.39611784E+00  1.22649785E-02
3.00783593E-02  1.41301900E+00  1.22434577E-02
3.02018844E-02  1.41156220E+00  1.22530064E-02
3.03254095E-02  1.37322179E+00  1.22519451E-02
3.04489346E-02  1.42168047E+00  1.22253531E-02
3.05724597E-02  1.41397365E+00  1.22364726E-02
3.06959847E-02  1.37157579E+00  1.22222349E-02
3.08195098E-02  1.42233593E+00  1.22207697E-02
3.09430349E-02  1.37517264E+00  1.22599918E-02
3.10665600E-02  1.37379015E+00  1.22578825E-02
3.11900851E-02  1.40671618E+00  1.21663363E-02
3.13136102E-02  1.39779308E+00  1.21761058E-02
3.14371353E-02  1.38676761E+00  1.21828443E-02
3.15606604E-02  1.37128107E+00  1.21732344E-02
3.16841855E-02  1.38708794E+00  1.22016341E-02
3.18077106E-02  1.36823299E+00  1.21844709E-02
3.19312356E-02  1.38790697E+00  1.21354547E-02
3.20547607E-02  1.37896670E+00  1.21510592E-02
3.21782858E-02  1.38674903E+00  1.21409953E-02
3.23018109E-02  1.35135028E+00  1.21621571E-02
3.24253360E-02  1.37571916E+00  1.20955479E-02
3.25488611E-02  1.36187656E+00  1.21024493E-02
3.26723862E-02  1.33836260E+00  1.20806458E-02
3.27959113E-02  1.34789316E+00  1.20363203E-02
3.29194364E-02  1.35527816E+00  1.21041235E-02
3.30429614E-02  1.36380087E+00  1.20766086E-02
3.31664865E-02  1.36065535E+00  1.18753820E-02
3.32900116E-02  1.34760444E+00  1.17176629E-02
3.34135367E-02  1.36314671E+00  1.17662218E-02
3.35370618E-02  1.38346871E+00  1.16508021E-02
3.36605869E-02  1.35924237E+00  1.15242069E-02
3.37841120E-02  1.35928542E+00  1.15243426E-02
3.39076371E-02  1.34669693E+00  1.15240009E-02
3.40311622E-02  1.35078302E+00  1.14273952E-02
3.41546873E-02  1.35223141E+00  1.14143102E-02
3.42782123E-02  1.34518889E+00  1.13542996E-02
3.44017374E-02  1.32816020E+00  1.12615274E-02
3.45252625E-02  1.36052077E+00  1.12916898E-02
3.46487876E-02  1.33119401E+00  1.12428900E-02
3.47723127E-02  1.34763112E+00  1.12431514E-02
3.48958378E-02  1.32971712E+00  1.11788868E-02
3.50193629E-02  1.34823704E+00  1.12762781E-02
3.51428880E-02  1.29561458E+00  1.12809795E-02
3.52664131E-02  1.32443676E+00  1.13391515E-02
3.53899381E-02  1.31801373E+00  1.13707102E-02
3.55134632E-02  1.31493044E+00  1.14168119E-02
3.56369883E-02  1.31252271E+00  1.14110345E-02
3.57605134E-02  1.31076352E+00  1.13818986E-02
3.58840385E-02  1.32071633E+00  1.13745401E-02
3.60075636E-02  1.33073306E+00  1.14294570E-02
3.61310887E-02  1.30303995E+00  1.13892183E-02
3.62546138E-02  1.29466510E+00  1.14258945E-02
3.63781389E-02  1.31928041E+00  1.14201972E-02
3.65016640E-02  1.31319761E+00  1.13782351E-02
3.66251890E-02  1.31245680E+00  1.14164226E-02
3.67487141E-02  1.29659579E+00  1.13605317E-02
3.68722392E-02  1.30858145E+00  1.13981288E-02
3.69957643E-02  1.30655690E+00  1.14001876E-02
3.71192894E-02  1.29106113E+00  1.13762475E-02
3.72428145E-02  1.30108820E+00  1.13806516E-02
3.73663396E-02  1.29517977E+00  1.13458589E-02
3.74898647E-02  1.28297635E+00  1.13629495E-02
3.76133898E-02  1.28704829E+00  1.13611844E-02
3.77369149E-02  1.30384580E+00  1.13340374E-02
3.78604399E-02  1.30243795E+00  1.13424653E-02
3.79839650E-02  1.29284266E+00  1.13249997E-02
3.81074901E-02  1.27674578E+00  1.13174380E-02
3.82310152E-02  1.28387936E+00  1.13096439E-02
3.83545403E-02  1.29803171E+00  1.13077920E-02
3.84780654E-02  1.31496892E+00  1.13288396E-02
3.86015905E-02  1.26179949E+00  1.12771095E-02
3.87251156E-02  1.29892305E+00  1.12793559E-02
3.88486407E-02  1.28991762E+00  1.12742851E-02
3.89721657E-02  1.29065061E+00  1.12557337E-02
3.90956908E-02  1.27398889E+00  1.12785641E-02
3.92192159E-02  1.26997118E+00  1.12549008E-02
3.93427410E-02  1.25640029E+00  1.11917281E-02
3.94662661E-02  1.25493844E+00  1.12279041E-02
3.95897912E-02  1.25376622E+00  1.12234414E-02
3.97133163E-02  1.25147082E+00  1.11879706E-02
3.98368414E-02  1.23975793E+00  1.10800065E-02
3.99603665E-02  1.24244008E+00  1.09215528E-02
4.00838916E-02  1.24803979E+00  1.08960281E-02
4.02074166E-02  1.25169820E+00  1.08587506E-02
4.03309417E-02  1.23772494E+00  1.07828199E-02
4.04544668E-02  1.26479189E+00  1.07429449E-02
4.05779919E-02  1.25817776E+00  1.06927699E-02
4.07015170E-02  1.26821701E+00  1.06260033E-02
4.08250421E-02  1.24968376E+00  1.06172746E-02
4.09485672E-02  1.25331680E+00  1.05735673E-02
4.10720923E-02  1.24672691E+00  1.05460629E-02
4.11956174E-02  1.24784154E+00  1.05385251E-02
4.13191424E-02  1.24412471E+00  1.04293020E-02
4.14426675E-02  1.22024062E+00  1.04523808E-02
4.15661926E-02  1.23439837E+00  1.03840028E-02
4.16897177E-02  1.22105195E+00  1.03983278E-02
4.18132428E-02  1.21463872E+00  1.03471163E-02
4.19367679E-02  1.21697720E+00  1.02994238E-02
4.20602930E-02  1.21862138E+00  1.03137544E-02
4.21838181E-02  1.22001867E+00  1.02467077E-02
4.23073432E-02  1.21896817E+00  1.02544652E-02
4.24308683E-02  1.20223597E+00  1.02079387E-02
4.25543933E-02  1.22629000E+00  1.01785825E-02
4.26779184E-02  1.22044201E+00  1.02035931E-02
4.28014435E-02  1.20906998E+00  1.00956084E-02
4.29249686E-02  1.22965733E+00  1.01308071E-02
4.30484937E-02  1.22300673E+00  1.00755068E-02
4.31720188E-02  1.20187536E+00  1.00725283E-02
4.32955439E-02  1.21009459E+00  1.01033326E-02
4.34190690E-02  1.19150028E+00  9.95852169E-03
4.35425941E-02  1.19984360E+00  1.00388869E-02
4.36661191E-02  1.22380610E+00  9.92520900E-03
4.37896442E-02  1.18243746E+00  9.93846631E-03
4.39131693E-02  1.18613489E+00  9.91275957E-03
4.40366944E-02  1.19417190E+00  9.92440905E-03
4.41602195E-02  1.18909939E+00  9.89409277E-03
4.42837446E-02  1.17598967E+00  9.84960510E-03
4.44072697E-02  1.19612327E+00  9.82818187E-03
4.45307948E-02  1.17503852E+00  9.85976317E-03
4.46543199E-02  1.17614431E+00  9.76906667E-03
4.47778450E-02  1.18487024E+00  9.80586699E-03
4.49013700E-02  1.18417289E+00  9.74448912E-03
4.50248951E-02  1.17527400E+00  9.71001254E-03
4.51484202E-02  1.16633596E+00  9.72443696E-03
4.52719453E-02  1.18923835E+00  9.66057796E-03
4.53954704E-02  1.17760237E+00  9.69917164E-03
4.55189955E-02  1.16784102E+00  9.60614544E-03
4.56425206E-02  1.16409560E+00  9.63001407E-03
4.57660457E-02  1.16593455E+00  9.58751275E-03
4.58895708E-02  1.17090930E+00  9.57216756E-03
4.60130958E-02  1.17425717E+00  9.55659024E-03
4.61366209E-02  1.16030672E+00  9.55333587E-03
4.62601460E-02  1.14874182E+00  9.51350963E-03
4.63836711E-02  1.14579612E+00  9.47813029E-03
4.65071962E-02  1.15835359E+00  9.48690264E-03
4.66307213E-02  1.13992489E+00  9.43816034E-03
4.67542464E-02  1.15766207E+00  9.42304131E-03
4.68777715E-02  1.15629921E+00  9.42340597E-03
4.70012966E-02  1.14662836E+00  9.38275508E-03
4.71248217E-02  1.14019362E+00  9.39148967E-03
4.72483467E-02  1.14174258E+00  9.34443376E-03
4.73718718E-02  1.14322573E+00  9.36400430E-03
4.74953969E-02  1.13430735E+00  9.31402864E-03
4.76189220E-02  1.15326854E+00  9.29695424E-03
4.77424471E-02  1.14510012E+00  9.29079757E-03
4.78659722E-02  1.13507383E+00  9.25103450E-03
4.79894973E-02  1.13974646E+00  9.25475888E-03
4.81130224E-02  1.12613404E+00  9.20877710E-03
4.82365475E-02  1.13574417E+00  9.25979318E-03
4.83600726E-02  1.12938684E+00  9.17561554E-03
4.84835976E-02  1.11617002E+00  9.15232595E-03
4.86071227E-02  1.12672811E+00  9.17338448E-03
4.87306478E-02  1.10900326E+00  9.11760215E-03
4.88541729E-02  1.11911527E+00  9.15517031E-03
4.89776980E-02  1.12451138E+00  9.05773992E-03
4.91012231E-02  1.11915856E+00  9.09405830E-03
4.92247482E-02  1.12223099E+00  9.06515602E-03
4.93482733E-02  1.12630817E+00  9.04888824E-03
4.94717984E-02  1.11578303E+00  9.07967120E-03
4.95953234E-02  1.12255051E+00  8.98974635E-03
4.97188485E-02  1.10584372E+00  9.02837648E-03
4.98423736E-02  1.10096923E+00  8.98199301E-03
4.99658987E-02  1.08573864E+00  8.97165879E-03
5.00894238E-02  1.10085387E+00  8.95958203E-03
5.02129489E-02  1.09781000E+00  9.02701123E-03
5.03364740E-02  1.10862183E+00  9.10195021E-03
5.04599991E-02  1.09439708E+00  9.07780568E-03
5.05835242E-02  1.09414303E+00  9.11272868E-03
5.07070493E-02  1.11503398E+00  9.14648933E-03
5.08305743E-02  1.09620675E+00  9.10451903E-03
5.09540994E-02  1.09009637E+00  9.19212313E-03
5.10776245E-02  1.07841895E+00  9.10908157E-03
5.12011496E-02  1.09077831E+00  9.15628242E-03
5.13246747E-02  1.07851397E+00  9.14771426E-03
5.14481998E-02  1.10874358E+00  9.16218585E-03
5.15717249E-02  1.07089449E+00  9.17012329E-03
5.16952500E-02  1.08323030E+00  9.14740461E-03
5.18187751E-02  1.06986464E+00  9.07758368E-03
5.19423001E-02  1.06928318E+00  9.00209316E-03
5.20658252E-02  1.07482747E+00  8.97564934E-03
5.21893503E-02  1.06877599E+00  8.95393075E-03
5.23128754E-02  1.04674360E+00  8.92085244E-03
5.24364005E-02  1.06140841E+00  8.92423794E-03
5.25599256E-02  1.05676710E+00  8.85056469E-03
5.26834507E-02  1.04658691E+00  8.85540964E-03
5.28069758E-02  1.06098953E+00  8.84430595E-03
5.29305009E-02  1.05410063E+00  8.84196939E-03
5.30540260E-02  1.06072404E+00  8.84027084E-03
5.31775510E-02  1.06202171E+00  8.72944141E-03
5.33010761E-02  1.05831416E+00  8.77821597E-03
5.34246012E-02  1.03617256E+00  8.77334764E-03
5.35481263E-02  1.05331606E+00  8.74145359E-03
5.36716514E-02  1.04437088E+00  8.75101192E-03
5.37951765E-02  1.03600147E+00  8.67408521E-03
5.39187016E-02  1.03685269E+00  8.74463977E-03
5.40422267E-02  1.02186194E+00  8.67595366E-03
5.41657518E-02  1.01992224E+00  8.67562166E-03
5.42892768E-02  1.02675573E+00  8.65198153E-03
5.44128019E-02  1.03246172E+00  8.62167750E-03
5.45363270E-02  1.03466894E+00  8.68570678E-03
5.46598521E-02  1.04489738E+00  8.61382296E-03
5.47833772E-02  1.01672872E+00  8.60118584E-03
5.49069023E-02  1.02095732E+00  8.59028609E-03
5.50304274E-02  1.01868600E+00  8.56090294E-03
5.51539525E-02  1.01878351E+00  8.60643224E-03
5.52774776E-02  1.02419282E+00  8.54612991E-03
5.54010027E-02  1.01933607E+00  8.54213172E-03
5.55245277E-02  1.00633261E+00  8.56306563E-03
5.56480528E-02  1.00507423E+00  8.49145197E-03
5.57715779E-02  1.01107985E+00  8.51543290E-03
5.58951030E-02  1.00837521E+00  8.50370736E-03
5.60186281E-02  1.00517885E+00  8.49398341E-03
5.61421532E-02  9.94120341E-01  8.47521072E-03
5.62656783E-02  9.99188596E-01  8.44993017E-03
5.63892034E-02  9.96756249E-01  8.45294553E-03
5.65127285E-02  1.00033314E+00  8.45008913E-03
5.66362535E-02  1.01162861E+00  8.46655420E-03
5.67597786E-02  9.87178296E-01  8.40758345E-03
5.68833037E-02  9.85260749E-01  8.38933370E-03
5.70068288E-02  9.95311465E-01  8.40310525E-03
5.71303539E-02  9.75065946E-01  8.39164620E-03
5.72538790E-02  9.95131908E-01  8.39124567E-03
5.73774041E-02  9.80498337E-01  8.36269486E-03
5.75009292E-02  9.87201405E-01  8.35186310E-03
5.76244543E-02  9.76924317E-01  8.35724865E-03
5.77479794E-02  9.86916816E-01  8.34239188E-03
5.78715044E-02  9.80420663E-01  8.31720508E-03
5.79950295E-02  9.70016749E-01  8.28041561E-03
5.81185546E-02  9.80304793E-01  8.29421233E-03
5.82420797E-02  9.61269509E-01  8.27020795E-03
5.83656048E-02  9.73658456E-01  8.27204281E-03
5.84891299E-02  9.75971245E-01  8.24008717E-03
5.86126550E-02  9.66005595E-01  8.20686145E-03
5.87361801E-02  9.71040641E-01  8.26062838E-03
5.88597052E-02  9.46464913E-01  8.19794189E-03
5.89832302E-02  9.58280158E-01  8.18232833E-03
5.91067553E-02  9.67159636E-01  8.16627503E-03
5.92302804E-02  9.69830085E-01  8.16841317E-03
5.93538055E-02  9.48765787E-01  8.18612304E-03
5.94773306E-02  9.55662206E-01  8.13403899E-03
5.96008557E-02  9.53813616E-01  8.13183619E-03
5.97243808E-02  9.26654162E-01  8.13032654E-03
5.98479059E-02  9.49268262E-01  8.09876702E-03
5.99714310E-02  9.52134083E-01  8.11841604E-03
6.00949561E-02  9.44622153E-01  8.07969668E-03
6.02184811E-02  9.29174771E-01  8.08780720E-03
6.03420062E-02  9.50968124E-01  8.10642323E-03
6.04655313E-02  9.28629277E-01  8.04355229E-03
6.05890564E-02  9.40255471E-01  8.07601158E-03
6.07125815E-02  9.33454263E-01  8.03471892E-03
6.08361066E-02  9.42489763E-01  8.09553429E-03
6.09596317E-02  9.22825746E-01  8.03611640E-03
6.10831568E-02  9.42647752E-01  8.01524161E-03
6.12066819E-02  9.35381482E-01  8.03162010E-03
6.13302070E-02  9.14508177E-01  8.01337502E-03
6.14537320E-02  9.22444978E-01  8.01903357E-03
6.15772571E-02  9.31566102E-01  7.98921424E-03
6.17007822E-02  9.11550960E-01  7.97047501E-03
6.18243073E-02  9.14166208E-01  7.97185107E-03
6.19478324E-02  9.11505372E-01  7.93641883E-03
6.20713575E-02  9.30122701E-01  7.95084908E-03
6.21948826E-02  9.09420280E-01  7.90805647E-03
6.23184077E-02  9.00287117E-01  7.92200591E-03
6.24419328E-02  9.03531139E-01  7.90399630E-03
6.25654578E-02  9.02867756E-01  7.86827533E-03
6.26889829E-02  9.05010917E-01  7.89364770E-03
6.28125080E-02  9.01792346E-01  7.83695718E-03
6.29360331E-02  8.91065794E-01  7.90675985E-03
6.30595582E-02  8.89529583E-01  7.85011601E-03
6.31830833E-02  8.91271532E-01  7.82350244E-03
6.33066084E-02  9.10593687E-01  7.82714379E-03
6.34301335E-02  8.91666600E-01  7.81266852E-03
6.35536586E-02  8.88951158E-01  7.84599953E-03
6.36771837E-02  8.76695259E-01  7.78132061E-03
6.38007087E-02  8.92569695E-01  7.80017499E-03
6.39242338E-02  9.04317936E-01  7.80873901E-03
6.40477589E-02  9.00178533E-01  7.74496932E-03
6.41712840E-02  8.79775289E-01  7.78073057E-03
6.42948091E-02  8.80059659E-01  7.74475757E-03
6.44183342E-02  8.79542164E-01  7.74932559E-03
6.45418593E-02  8.86389844E-01  7.79619849E-03
6.46653844E-02  8.87778095E-01  7.73447849E-03
6.47889095E-02  8.75865278E-01  7.73035039E-03
6.49124345E-02  8.73451521E-01  7.69678209E-03
6.50359596E-02  8.63571768E-01  7.71969140E-03
6.51594847E-02  8.68156467E-01  7.72287648E-03
6.52830098E-02  8.61323326E-01  7.70019898E-03
6.54065349E-02  8.67273667E-01  7.71019390E-03
6.55300600E-02  8.56387865E-01  7.66417213E-03
6.56535851E-02  8.60700230E-01  7.67784834E-03
6.57771102E-02  8.65468346E-01  7.67859400E-03
6.59006353E-02  8.59142218E-01  7.65399560E-03
6.60241604E-02  8.44930018E-01  7.66549013E-03
6.61476854E-02  8.57149462E-01  7.64343145E-03
6.62712105E-02  8.56367080E-01  7.62018628E-03
6.63947356E-02  8.48491785E-01  7.63191002E-03
6.65182607E-02  8.31948729E-01  7.61199720E-03
6.66417858E-02  8.56450017E-01  7.62093660E-03
6.67653109E-02  8.40674922E-01  7.58357119E-03
6.68888360E-02  8.41119335E-01  7.60224011E-03
6.70123611E-02  8.46275645E-01  7.56575020E-03
6.71358862E-02  8.32021347E-01  7.59017970E-03
6.72594112E-02  8.37883761E-01  7.56117012E-03
6.73829363E-02  8.29050994E-01  7.54885159E-03
6.75064614E-02  8.25640756E-01  7.55445022E-03
6.76299865E-02  8.38566494E-01  7.52442897E-03
6.77535116E-02  8.33443319E-01  7.55813280E-03
6.78770367E-02  8.36561236E-01  7.49999802E-03
6.80005618E-02  8.00630826E-01  7.50918961E-03
6.81240869E-02  8.20085048E-01  7.51052670E-03
6.82476120E-02  8.22976935E-01  7.48928951E-03
6.83711371E-02  8.13891663E-01  7.49618520E-03
6.84946621E-02  8.12434306E-01  7.45924654E-03
6.86181872E-02  8.28673469E-01  7.48770720E-03
6.87417123E-02  8.11267804E-01  7.46310751E-03
6.88652374E-02  8.08033662E-01  7.44427927E-03
6.89887625E-02  8.31631081E-01  7.45441431E-03
6.91122876E-02  8.03620224E-01  7.41287386E-03
6.92358127E-02  8.21432729E-01  7.45413755E-03
6.93593378E-02  8.02331810E-01  7.42305825E-03
6.94828629E-02  7.92666739E-01  7.40157384E-03
6.96063879E-02  7.99890431E-01  7.42808277E-03
6.97299130E-02  7.97959850E-01  7.37820310E-03
6.98534381E-02  7.85558371E-01  7.39235419E-03
6.99769632E-02  7.99429187E-01  7.36019587E-03
7.01004883E-02  7.93841364E-01  7.37896293E-03
7.02240134E-02  7.87304613E-01  7.36064678E-03
7.03475385E-02  7.95753690E-01  7.33585169E-03
7.04710636E-02  7.82291861E-01  7.36186917E-03
7.05945887E-02  7.85587973E-01  7.32022842E-03
7.07181138E-02  7.66668870E-01  7.33718519E-03
7.08416388E-02  7.89065658E-01  7.33030040E-03
7.09651639E-02  7.80559275E-01  7.30764577E-03
7.10886890E-02  7.74551213E-01  7.30795650E-03
7.12122141E-02  7.90986434E-01  7.27152683E-03
7.13357392E-02  7.74453894E-01  7.30440414E-03
7.14592643E-02  7.71774478E-01  7.27700513E-03
7.15827894E-02  7.77968521E-01  7.25867330E-03
7.17063145E-02  7.77703734E-01  7.28711739E-03
7.18298396E-02  7.77795588E-01  7.22919347E-03
7.19533647E-02  7.71371175E-01  7.27982119E-03
7.20768897E-02  7.64844803E-01  7.23080164E-03
7.22004148E-02  7.81244737E-01  7.23142838E-03
7.23239399E-02  7.69886752E-01  7.24690151E-03
7.24474650E-02  7.47360418E-01  7.20017827E-03
7.25709901E-02  7.68935778E-01  7.24890512E-03
7.26945152E-02  7.50422214E-01  7.19383976E-03
7.28180403E-02  7.54587883E-01  7.19263986E-03
7.29415654E-02  7.55744896E-01  7.22368711E-03
7.30650905E-02  7.69615360E-01  7.17229634E-03
7.31886155E-02  7.35442758E-01  7.19436090E-03
7.33121406E-02  7.48505836E-01  7.15934244E-03
7.34356657E-02  7.53117370E-01  7.16876586E-03
7.35591908E-02  7.40741430E-01  7.17710790E-03
7.36827159E-02  7.47072694E-01  7.14748048E-03
7.38062410E-02  7.46551125E-01  7.16220161E-03
7.39297661E-02  7.40525903E-01  7.12483309E-03
7.40532912E-02  7.31259156E-01  7.15132644E-03
7.41768163E-02  7.29152332E-01  7.12097866E-03
7.43003414E-02  7.44408643E-01  7.11834780E-03
7.44238664E-02  7.37812254E-01  7.13561163E-03
7.45473915E-02  7.29270339E-01  7.07591285E-03
7.46709166E-02  7.39070115E-01  7.11890359E-03
7.47944417E-02  7.37175006E-01  7.07935949E-03
7.49179668E-02  7.25807248E-01  7.09634331E-03
7.50414919E-02  7.27560485E-01  7.07515139E-03
7.51650170E-02  7.25524422E-01  7.05948218E-03
7.52885421E-02  7.45086387E-01  7.07625021E-03
7.54120672E-02  7.25155360E-01  7.04097481E-03
7.55355922E-02  7.05104775E-01  7.05756626E-03
7.56591173E-02  7.27540077E-01  7.02406683E-03
7.57826424E-02  7.05971145E-01  7.03749352E-03
7.59061675E-02  7.12213840E-01  7.03175956E-03
7.60296926E-02  7.11302648E-01  7.00912453E-03
7.61532177E-02  7.11011546E-01  7.01236198E-03
7.62767428E-02  7.10758423E-01  7.00291906E-03
7.64002679E-02  6.98034990E-01  7.01597778E-03
7.65237930E-02  6.99971219E-01  6.99305604E-03
7.66473181E-02  6.97003833E-01  6.97880652E-03
7.67708431E-02  7.09559036E-01  7.00157694E-03
7.68943682E-02  6.84955300E-01  6.95419880E-03
7.70178933E-02  7.10189955E-01  7.02633671E-03
7.71414184E-02  7.04399779E-01  7.04012900E-03
7.72649435E-02  6.93747504E-01  7.05930949E-03
7.73884686E-02  7.08847240E-01  7.09381636E-03
7.75119937E-02  6.80715799E-01  7.06205063E-03
7.76355188E-02  6.91878714E-01  7.12180125E-03
7.77590439E-02  6.79414936E-01  7.06331844E-03
7.78825689E-02  6.78211626E-01  7.12680719E-03
7.80060940E-02  6.85466749E-01  7.13041355E-03
7.81296191E-02  6.85571658E-01  7.10378213E-03
7.82531442E-02  6.77566625E-01  7.14196107E-03
7.83766693E-02  6.77179942E-01  7.10404850E-03
7.85001944E-02  6.81572368E-01  7.15203968E-03
7.86237195E-02  6.77402443E-01  7.15461243E-03
7.87472446E-02  6.72685575E-01  7.09349637E-03
7.88707697E-02  6.63177343E-01  7.16263701E-03
7.89942948E-02  6.70763720E-01  7.13381337E-03
7.91178198E-02  6.68853659E-01  7.15509092E-03
7.92413449E-02  6.68021025E-01  7.14885584E-03
7.93648700E-02  6.58341158E-01  7.12232569E-03
7.94883951E-02  6.68052822E-01  7.17234195E-03
7.96119202E-02  6.67377900E-01  7.12621801E-03
7.97354453E-02  6.76264614E-01  7.17491051E-03
7.98589704E-02  6.71628983E-01  7.14187103E-03
7.99824955E-02  6.58176815E-01  7.15193375E-03
8.01060206E-02  6.62631863E-01  7.15800920E-03
8.02295456E-02  6.43624514E-01  7.15160994E-03
8.03530707E-02  6.61148519E-01  7.16217240E-03
8.04765958E-02  6.41889395E-01  7.13461056E-03
8.06001209E-02  6.43474455E-01  7.15928633E-03
8.07236460E-02  6.64975386E-01  7.16140988E-03
8.08471711E-02  6.47998065E-01  7.13611650E-03
8.09706962E-02  6.57071336E-01  7.17355729E-03
8.10942213E-02  6.46115280E-01  7.14432092E-03
8.12177464E-02  6.50467975E-01  7.16528042E-03
8.13412715E-02  6.39991177E-01  7.13667668E-03
8.14647965E-02  6.49875029E-01  7.14358348E-03
8.15883216E-02  6.40809949E-01  7.17633086E-03
8.17118467E-02  6.35022407E-01  7.13988443E-03
8.18353718E-02  6.23334995E-01  7.16308001E-03
8.19588969E-02  6.35433075E-01  7.12366017E-03
8.20824220E-02  6.27472512E-01  7.16163037E-03
8.22059471E-02  6.26984339E-01  7.14943385E-03
8.23294722E-02  6.32749665E-01  7.11847673E-03
8.24529973E-02  6.36181806E-01  7.15939578E-03
8.25765223E-02  6.28330607E-01  7.11058265E-03
8.27000474E-02  6.29603091E-01  7.14681785E-03
8.28235725E-02  6.28284218E-01  7.12806641E-03
8.29470976E-02  6.31649875E-01  7.10305599E-03
8.30706227E-02  6.07326026E-01  7.12358382E-03
8.31941478E-02  6.15173611E-01  7.09953298E-03
8.33176729E-02  6.15250298E-01  7.10651738E-03
8.34411980E-02  6.05872824E-01  7.09389441E-03
8.35647231E-02  6.11280596E-01  7.07220321E-03
8.36882482E-02  5.96296949E-01  7.10976853E-03
8.38117732E-02  6.07549092E-01  7.05321210E-03
8.39352983E-02  6.19439870E-01  7.11601910E-03
8.40588234E-02  6.08648203E-01  7.04942053E-03
8.41823485E-02  6.03170203E-01  7.07778289E-03
8.43058736E-02  6.07172533E-01  7.08577291E-03
8.44293987E-02  5.97253631E-01  7.04829740E-03
8.46146863E-02  5.93077745E-01  5.00065093E-03
8.47999740E-02  5.94152494E-01  7.07001402E-03
8.49234991E-02  5.83357644E-01  7.05778113E-03
8.50470241E-02  5.88933939E-01  7.03506359E-03
8.51705492E-02  5.94202696E-01  7.07185052E-03
8.52940743E-02  5.96734058E-01  7.03097191E-03
8.54175994E-02  5.86739214E-01  7.05681943E-03
8.55411245E-02  5.96976734E-01  7.02988611E-03
8.56646496E-02  5.80523650E-01  6.99986520E-03
8.57881747E-02  5.99956727E-01  7.06702485E-03
8.59116998E-02  5.86836643E-01  7.00486136E-03
8.60352249E-02  5.76185792E-01  7.04752150E-03
8.61587499E-02  5.82707191E-01  6.99731822E-03
8.62822750E-02  5.87235205E-01  7.00449654E-03
8.64675627E-02  5.69944973E-01  4.94759026E-03
8.66528503E-02  5.65911289E-01  7.01076047E-03
8.67763754E-02  5.82181593E-01  6.97385530E-03
8.68999005E-02  5.72111870E-01  7.01180155E-03
8.70234256E-02  5.67702983E-01  6.99658234E-03
8.71469507E-02  5.69862958E-01  6.96452179E-03
8.72704758E-02  5.71522381E-01  6.99872437E-03
8.73940008E-02  5.70882237E-01  6.96644564E-03
8.75175259E-02  5.70494379E-01  6.99816613E-03
8.76410510E-02  5.63428396E-01  6.97704505E-03
8.77645761E-02  5.60433147E-01  6.96853082E-03
8.79498637E-02  5.63365551E-01  4.92505958E-03
8.81351514E-02  5.47157543E-01  6.98317850E-03
8.82586765E-02  5.54802203E-01  6.95239863E-03
8.83822016E-02  5.52668015E-01  6.97109951E-03
8.85057266E-02  5.54506685E-01  6.95838979E-03
8.86292517E-02  5.41757129E-01  6.94837703E-03
8.87527768E-02  5.61604812E-01  6.97794773E-03
8.88763019E-02  5.56704048E-01  6.93579600E-03
8.89998270E-02  5.44226493E-01  6.96115765E-03
8.91233521E-02  5.53719020E-01  6.95110260E-03
8.93086397E-02  5.50255710E-01  4.91597592E-03
8.94939274E-02  5.51862452E-01  6.92466848E-03
8.96174525E-02  5.44929525E-01  6.95669643E-03
8.97409775E-02  5.39159523E-01  6.92895585E-03
8.98645026E-02  5.43500816E-01  6.93684895E-03
8.99880277E-02  5.27189056E-01  6.93387081E-03
9.01115528E-02  5.29394764E-01  6.93844810E-03
9.02350779E-02  5.10795040E-01  6.93967188E-03
9.04203655E-02  5.25797666E-01  4.88326006E-03
9.06056532E-02  5.20400259E-01  6.91268455E-03
9.07291783E-02  5.35391010E-01  6.93003345E-03
9.08527033E-02  5.29012438E-01  6.92834092E-03
9.09762284E-02  5.28327527E-01  6.88362297E-03
9.10997535E-02  5.24822309E-01  6.91977192E-03
9.12232786E-02  5.04267018E-01  6.89557646E-03
9.14085663E-02  5.17001634E-01  4.87918445E-03
9.15938539E-02  5.15019600E-01  6.89429132E-03
9.17173790E-02  5.15286520E-01  6.91349325E-03
9.18409041E-02  5.10819274E-01  6.86381337E-03
9.19644292E-02  5.12907747E-01  6.87982481E-03
9.20879542E-02  5.15234181E-01  6.89731999E-03
9.22114793E-02  5.13933334E-01  6.86914127E-03
9.23967670E-02  5.09469846E-01  4.87027519E-03
9.25820546E-02  5.07106344E-01  6.86616108E-03
9.27055797E-02  4.93562016E-01  6.87078418E-03
9.28291048E-02  5.16589686E-01  6.85728335E-03
9.29526299E-02  5.08554049E-01  6.88618128E-03
9.30761550E-02  5.04171139E-01  6.84789690E-03
9.32614426E-02  5.04532469E-01  4.85402074E-03
9.34467302E-02  4.99684903E-01  6.84962854E-03
9.35702553E-02  5.03469813E-01  6.85253373E-03
9.36937804E-02  4.99983350E-01  6.84223960E-03
9.38173055E-02  4.77571365E-01  6.85784724E-03
9.39408306E-02  4.99864065E-01  6.83862021E-03
9.41261182E-02  4.96591201E-01  4.83448288E-03
9.43114059E-02  4.91906300E-01  6.82915210E-03
9.44349309E-02  4.95992206E-01  6.84631243E-03
9.45584560E-02  4.83302223E-01  6.81302357E-03
9.46819811E-02  4.85237463E-01  6.82833670E-03
9.48055062E-02  4.90641620E-01  6.84195462E-03
9.49907938E-02  4.81268231E-01  4.82437129E-03
9.51760815E-02  4.78091603E-01  6.78376736E-03
9.52996066E-02  4.63793118E-01  6.81982866E-03
9.54231317E-02  4.77549229E-01  6.80563285E-03
9.55466568E-02  4.75762134E-01  6.80945246E-03
9.57319444E-02  4.80658570E-01  4.80977293E-03
9.59172320E-02  4.77446150E-01  6.82026597E-03
9.60407571E-02  4.68056804E-01  6.79088839E-03
9.61642822E-02  4.69576160E-01  6.79985483E-03
9.62878073E-02  4.76991898E-01  6.81256457E-03
9.64730949E-02  4.59516004E-01  4.86821161E-03
9.66583826E-02  4.62850295E-01  6.90478198E-03
9.67819076E-02  4.62469104E-01  6.92488413E-03
9.69054327E-02  4.68631123E-01  6.93738237E-03
9.70289578E-02  4.56742473E-01  6.96174262E-03
9.72142455E-02  4.51948814E-01  4.92956764E-03
9.73995331E-02  4.65646410E-01  7.00862318E-03
9.75230582E-02  4.58210404E-01  6.98922459E-03
9.76465833E-02  4.56957036E-01  7.02213497E-03
9.78318709E-02  4.67648853E-01  4.96753440E-03
9.80171585E-02  4.68731981E-01  7.06880933E-03
9.81406836E-02  4.52305203E-01  7.02968396E-03
9.82642087E-02  4.57246468E-01  7.05530617E-03
9.83877338E-02  4.60764315E-01  7.06981398E-03
9.85730214E-02  4.54799227E-01  5.00719710E-03
9.87583091E-02  4.36914437E-01  7.07487492E-03
9.88818342E-02  4.47363450E-01  7.08367666E-03
9.90053593E-02  4.42233113E-01  7.08716009E-03
9.91906469E-02  4.40321267E-01  5.03056903E-03
9.93759345E-02  4.45360064E-01  7.09607701E-03
9.94994596E-02  4.44702943E-01  7.12301611E-03
9.96229847E-02  4.34220506E-01  7.11713261E-03
9.98082723E-02  4.35177979E-01  5.04769456E-03
9.99935600E-02  4.29544752E-01  7.11068656E-03
1.00117085E-01  4.29764209E-01  7.15317437E-03
1.00240610E-01  4.23179915E-01  7.14958863E-03
1.00425898E-01  4.32896591E-01  5.05778492E-03
1.00611185E-01  4.31389593E-01  7.15423227E-03
1.00734711E-01  4.27557442E-01  7.18420026E-03
1.00858236E-01  4.16659398E-01  7.19013777E-03
1.01043523E-01  4.25123903E-01  5.06759663E-03
1.01228811E-01  4.29036808E-01  7.08384142E-03
1.01352336E-01  4.15180229E-01  7.07038174E-03
1.01475861E-01  4.14120274E-01  7.05902056E-03
1.01661149E-01  4.10594309E-01  4.95986543E-03
1.01846436E-01  4.16856735E-01  7.00896663E-03
1.01969961E-01  4.16794538E-01  7.00686226E-03
1.02155249E-01  4.10206830E-01  4.92634502E-03
1.02340537E-01  4.16445669E-01  6.94266369E-03
1.02464062E-01  4.07304293E-01  6.94203085E-03
1.02587587E-01  4.19447047E-01  6.92615606E-03
1.02772874E-01  4.11416670E-01  4.89871907E-03
1.02958162E-01  4.06506907E-01  6.98669867E-03
1.03081687E-01  3.98830200E-01  7.00098453E-03
1.03266975E-01  4.05953167E-01  4.96554694E-03
1.03452262E-01  4.06057588E-01  7.07728949E-03
1.03575788E-01  3.92980039E-01  7.06577702E-03
1.03699313E-01  3.94778270E-01  7.06712350E-03
1.03884600E-01  3.95231641E-01  5.00638660E-03
1.04069888E-01  3.82735948E-01  7.12641015E-03
1.04193413E-01  3.91476474E-01  7.07984854E-03
1.04378701E-01  4.02851296E-01  5.04132958E-03
1.04563988E-01  3.86644968E-01  7.14303055E-03
1.04687513E-01  3.91655334E-01  7.12012137E-03
1.04872801E-01  3.84702892E-01  5.05575366E-03
1.05058089E-01  3.80540702E-01  7.16322912E-03
1.05181614E-01  3.86748887E-01  7.15013404E-03
1.05366901E-01  3.77508224E-01  5.04935263E-03
1.05552189E-01  3.74868583E-01  7.19423989E-03
1.05675714E-01  3.85905369E-01  7.18650657E-03
1.05799239E-01  3.87997769E-01  7.19351522E-03
1.05984527E-01  3.81199812E-01  5.06800152E-03
1.06169814E-01  3.76915113E-01  7.22112316E-03
1.06293340E-01  3.87503121E-01  7.16784617E-03
1.06478627E-01  3.67410787E-01  5.09233211E-03
1.06663915E-01  3.71773388E-01  7.20871550E-03
1.06787440E-01  3.72076216E-01  7.20036155E-03
1.06972728E-01  3.77265467E-01  5.09397808E-03
1.07158015E-01  3.56907209E-01  7.23432621E-03
1.07281540E-01  3.64376285E-01  7.23438020E-03
1.07466828E-01  3.71911598E-01  5.10190281E-03
1.07652116E-01  3.71482763E-01  7.23487053E-03
1.07775641E-01  3.62389917E-01  7.25598804E-03
1.07960928E-01  3.62963091E-01  5.10485524E-03
1.08146216E-01  3.53281886E-01  7.25959830E-03
1.08331504E-01  3.54096671E-01  5.11236669E-03
1.08516791E-01  3.41937844E-01  7.21649832E-03
1.08640316E-01  3.58873205E-01  7.24583966E-03
1.08825604E-01  3.51323841E-01  5.12455341E-03
1.09010892E-01  3.58703654E-01  7.20623971E-03
1.09134417E-01  3.62052942E-01  7.25455925E-03
1.09319704E-01  3.48692990E-01  5.11672307E-03
1.09504992E-01  3.44104917E-01  7.21179575E-03
1.09628517E-01  3.46526457E-01  7.23834720E-03
1.09813805E-01  3.41426341E-01  5.12570842E-03
1.09999092E-01  3.53232385E-01  7.22300361E-03
1.10184380E-01  3.38835092E-01  5.12244447E-03
1.10369667E-01  3.46507303E-01  7.26169944E-03
1.10493193E-01  3.45058947E-01  7.23230526E-03
1.10678480E-01  3.38853937E-01  5.12023694E-03
1.10863768E-01  3.36885635E-01  7.25676268E-03
1.10987293E-01  3.45191467E-01  7.25144591E-03
1.11172581E-01  3.32670177E-01  5.11889340E-03
1.11357868E-01  3.44681627E-01  7.26863022E-03
1.11543156E-01  3.36652173E-01  5.12425540E-03
1.11728443E-01  3.19470357E-01  7.24463410E-03
1.11851969E-01  3.34180806E-01  7.24918705E-03
1.12037256E-01  3.33322194E-01  5.13343417E-03
1.12222544E-01  3.25193966E-01  7.22952083E-03
1.12407831E-01  3.28406838E-01  5.14010959E-03
1.12593119E-01  3.25123333E-01  7.26048340E-03
1.12716644E-01  3.33958861E-01  7.24463594E-03
1.12901932E-01  3.21664991E-01  5.14535763E-03
1.13087219E-01  3.23775996E-01  7.26291399E-03
1.13272507E-01  3.19731349E-01  5.13010017E-03
1.13457795E-01  3.18333883E-01  7.28351918E-03
1.13643082E-01  3.09480706E-01  5.14684353E-03
1.13828370E-01  3.13586954E-01  7.29719152E-03
1.13951895E-01  3.22242565E-01  7.26682933E-03
1.14137183E-01  3.24655711E-01  5.14882158E-03
1.14322470E-01  3.09084111E-01  7.27508304E-03
1.14507758E-01  3.10722355E-01  5.15637432E-03
1.14693046E-01  3.04259037E-01  7.25701793E-03
1.14878333E-01  3.06611262E-01  5.14090384E-03
1.15063621E-01  3.01692243E-01  7.28663051E-03
1.15187146E-01  3.08045370E-01  7.26042175E-03
1.15372434E-01  3.01472984E-01  5.13304418E-03
1.15557721E-01  3.06436951E-01  7.25206183E-03
1.15743009E-01  3.02594393E-01  5.14338228E-03
1.15928297E-01  2.97159050E-01  7.26892575E-03
1.16113584E-01  3.00218734E-01  5.14043004E-03
1.16298872E-01  3.01797469E-01  7.32191761E-03
1.16484159E-01  2.98544488E-01  5.20045787E-03
1.16669447E-01  2.95219494E-01  7.38533799E-03
1.16792972E-01  2.88653734E-01  7.39192910E-03
1.16978260E-01  3.02228424E-01  5.23695427E-03
1.17163547E-01  2.94931132E-01  7.40576553E-03
1.17348835E-01  2.80876451E-01  5.25838914E-03
1.17534123E-01  2.83264214E-01  7.43844173E-03
1.17719410E-01  2.81730889E-01  5.27733844E-03
1.17904698E-01  2.87033662E-01  7.49058123E-03
1.18089986E-01  2.85426823E-01  5.29174968E-03
1.18275273E-01  2.81895663E-01  7.51615848E-03
1.18460561E-01  2.80433071E-01  5.30795885E-03
1.18645848E-01  2.89782873E-01  7.52408509E-03
1.18831136E-01  2.78833443E-01  5.30522890E-03
1.19016424E-01  2.73468404E-01  7.49431735E-03
1.19201711E-01  2.72500693E-01  5.30730078E-03
1.19386999E-01  2.64927426E-01  7.51627594E-03
1.19572287E-01  2.70107523E-01  5.29639014E-03
1.19757574E-01  2.60140637E-01  7.49778232E-03
1.19942862E-01  2.76116270E-01  5.30486166E-03
1.20128150E-01  2.72996463E-01  7.51563772E-03
1.20313437E-01  2.73321314E-01  5.28226780E-03
1.20498725E-01  2.56275253E-01  7.49018629E-03
1.20684012E-01  2.63688292E-01  5.29975627E-03
1.20869300E-01  2.79037472E-01  7.49112245E-03
1.21054588E-01  2.66447200E-01  5.29049742E-03
1.21239875E-01  2.68271389E-01  7.45801346E-03
1.21425163E-01  2.64281827E-01  5.29399429E-03
1.21610451E-01  2.61472209E-01  7.46190476E-03
1.21795738E-01  2.58087710E-01  5.27901803E-03
1.21981026E-01  2.68306850E-01  7.45854251E-03
1.22166314E-01  2.61846731E-01  5.28812499E-03
1.22351601E-01  2.51360774E-01  7.44655551E-03
1.22536889E-01  2.47336310E-01  5.26607209E-03
1.22722176E-01  2.55377566E-01  7.47369710E-03
1.22907464E-01  2.47477793E-01  5.26749884E-03
1.23092752E-01  2.56317880E-01  7.45164493E-03
1.23278039E-01  2.58335263E-01  5.27291778E-03
1.23525090E-01  2.48240689E-01  5.25183542E-03
1.23710377E-01  2.48790905E-01  7.43485110E-03
1.23895665E-01  2.37774426E-01  5.24785644E-03
1.24080952E-01  2.43699371E-01  7.41075340E-03
1.24266240E-01  2.44660800E-01  5.23944084E-03
1.24451528E-01  2.52537704E-01  7.41116424E-03
1.24636815E-01  2.34385885E-01  5.22403118E-03
1.24822103E-01  2.33411399E-01  7.41409309E-03
1.25007391E-01  2.36351537E-01  5.22255062E-03
1.25254441E-01  2.31601882E-01  5.20828583E-03
1.25439728E-01  2.46974053E-01  7.38485831E-03
1.25625016E-01  2.35765226E-01  5.20836439E-03
1.25810304E-01  2.39795056E-01  7.34817843E-03
1.25995591E-01  2.41686088E-01  5.20488212E-03
1.26180879E-01  2.43050330E-01  7.33521816E-03
1.26366167E-01  2.34056376E-01  5.19118595E-03
1.26613217E-01  2.24303607E-01  5.19046704E-03
1.26798504E-01  2.25460093E-01  7.30103640E-03
1.26983792E-01  2.31646804E-01  5.17754339E-03
1.27169080E-01  2.45407519E-01  7.34193499E-03
1.27354367E-01  2.29910819E-01  5.16609790E-03
1.27539655E-01  2.26150585E-01  7.32276108E-03
1.27724943E-01  2.24797792E-01  5.16795660E-03
1.27971993E-01  2.25526784E-01  5.16730903E-03
1.28157280E-01  2.23115378E-01  7.31545299E-03
1.28342568E-01  2.23311617E-01  5.16194688E-03
1.28527856E-01  2.13552732E-01  7.29241527E-03
1.28713143E-01  2.17490897E-01  5.16493733E-03
1.28960193E-01  2.13946750E-01  5.14853150E-03
1.29145481E-01  2.25052580E-01  7.28600597E-03
1.29330769E-01  2.20030653E-01  5.15733023E-03
1.29577819E-01  2.17390609E-01  5.15324639E-03
1.29763107E-01  2.16532529E-01  7.27822974E-03
1.29948394E-01  2.09033185E-01  5.14342298E-03
1.30133682E-01  2.11054355E-01  7.26793166E-03
1.30318969E-01  1.96926697E-01  5.14907032E-03
1.30566020E-01  2.11089724E-01  5.13703740E-03
1.30751307E-01  2.07250079E-01  7.28443029E-03
1.30936595E-01  2.09261620E-01  5.13420227E-03
1.31183645E-01  2.07844440E-01  5.13890044E-03
1.31368933E-01  2.06524775E-01  7.27097154E-03
1.31554220E-01  2.03596328E-01  5.12659617E-03
1.31801271E-01  2.03140726E-01  5.12303242E-03
1.31986558E-01  2.09873348E-01  7.26451350E-03
1.32171846E-01  1.91874342E-01  5.12670589E-03
1.32357133E-01  1.88165652E-01  7.23601168E-03
1.32542421E-01  1.86236465E-01  5.12115081E-03
1.32789471E-01  2.05998682E-01  5.11521004E-03
1.32974759E-01  1.96911038E-01  7.21682666E-03
1.33160047E-01  2.01457751E-01  5.11345081E-03
1.33407097E-01  1.97604217E-01  5.10943642E-03
1.33592384E-01  1.92178093E-01  7.19703732E-03
1.33777672E-01  1.95722089E-01  5.11652324E-03
1.34024722E-01  1.97102519E-01  5.10735165E-03
1.34210010E-01  1.95583426E-01  7.18289167E-03
1.34395297E-01  1.92047607E-01  5.11616222E-03
1.34642348E-01  1.95486111E-01  5.10108241E-03
1.34889398E-01  1.90554050E-01  5.09160067E-03
1.35074685E-01  1.82026976E-01  7.19049744E-03
1.35259973E-01  1.88665290E-01  5.09737590E-03
1.35507023E-01  1.82277007E-01  5.08968907E-03
1.35692311E-01  1.73574639E-01  7.17150712E-03
1.35877598E-01  1.77634492E-01  5.09601155E-03
1.36124649E-01  1.78877976E-01  5.08455293E-03
1.36309936E-01  1.86619492E-01  7.15882131E-03
1.36495224E-01  1.74402735E-01  5.09124411E-03
1.36742274E-01  1.81357541E-01  5.08279251E-03
1.36989324E-01  1.75905328E-01  5.07083463E-03
1.37174612E-01  1.69186988E-01  7.16958298E-03
1.37359900E-01  1.77650829E-01  5.07361073E-03
1.37606950E-01  1.70158192E-01  5.07111287E-03
1.37792237E-01  1.92362720E-01  7.17361500E-03
1.37977525E-01  1.76449297E-01  5.06137942E-03
1.38224575E-01  1.80086902E-01  5.07060893E-03
1.38471625E-01  1.74414947E-01  5.05644408E-03
1.38656913E-01  1.79039134E-01  7.16680643E-03
1.38842201E-01  1.74641692E-01  5.06293852E-03
1.39089251E-01  1.63893984E-01  5.05092667E-03
1.39274538E-01  1.72798350E-01  7.15541985E-03
1.39459826E-01  1.55741844E-01  5.05169384E-03
1.39706876E-01  1.61933045E-01  5.05710121E-03
1.39953926E-01  1.57847300E-01  5.04256581E-03
1.40139214E-01  1.68539013E-01  7.13643092E-03
1.40324502E-01  1.68518550E-01  5.04656496E-03
1.40571552E-01  1.64415630E-01  5.03903235E-03
1.40818602E-01  1.56728938E-01  5.04423123E-03
1.41065652E-01  1.62416164E-01  5.03111616E-03
1.41250940E-01  1.52010817E-01  7.12225569E-03
1.41436228E-01  1.57979815E-01  5.03578176E-03
1.41683278E-01  1.56636882E-01  5.02726364E-03
1.41930328E-01  1.47629591E-01  5.02843830E-03
1.42115616E-01  1.50663708E-01  7.11593846E-03
1.42300903E-01  1.53461313E-01  5.02702775E-03
1.42547953E-01  1.52326646E-01  5.02608327E-03
1.42795003E-01  1.51244938E-01  5.01698365E-03
1.42980291E-01  1.50412423E-01  7.12011827E-03
1.43165579E-01  1.57973459E-01  5.01487998E-03
1.43412629E-01  1.50784954E-01  5.00851602E-03
1.43659679E-01  1.50533451E-01  5.01952439E-03
1.43906729E-01  1.47349125E-01  5.01621089E-03
1.44092017E-01  1.64945312E-01  7.08135061E-03
1.44277305E-01  1.47265062E-01  5.00304186E-03
1.44524355E-01  1.52955157E-01  5.01839040E-03
1.44771405E-01  1.43300894E-01  4.99966713E-03
1.45018455E-01  1.46581990E-01  5.00049353E-03
1.45203743E-01  1.58714280E-01  7.09154668E-03
1.45389030E-01  1.42594085E-01  4.98834578E-03
1.45636081E-01  1.45214643E-01  4.99945888E-03
1.45883131E-01  1.38530536E-01  4.98214119E-03
1.46130181E-01  1.45906371E-01  5.00051850E-03
1.46377231E-01  1.53400826E-01  4.99173941E-03
1.46562519E-01  1.52103882E-01  7.03932335E-03
1.46747806E-01  1.37593607E-01  4.98815365E-03
1.46994857E-01  1.44711900E-01  4.97536610E-03
1.47241907E-01  1.34815084E-01  4.98847691E-03
1.47488957E-01  1.36375100E-01  4.95093815E-03
1.47736007E-01  1.43264832E-01  4.98260767E-03
1.47921295E-01  1.39198808E-01  7.03093930E-03
1.48106582E-01  1.35538487E-01  4.95912513E-03
1.48353633E-01  1.37021240E-01  4.97172106E-03
1.48600683E-01  1.38894414E-01  4.95807526E-03
1.48847733E-01  1.44686969E-01  4.96493488E-03
1.49094783E-01  1.31707452E-01  4.96028557E-03
1.49341833E-01  1.36283021E-01  4.96462817E-03
1.49527121E-01  1.31115857E-01  6.98415361E-03
1.49712409E-01  1.36732044E-01  4.94924587E-03
1.49959459E-01  1.33190344E-01  4.96156324E-03
1.50206509E-01  1.36360827E-01  4.94303971E-03
1.50453559E-01  1.26304415E-01  4.95077822E-03
1.50700609E-01  1.31262640E-01  4.93927944E-03
1.50947659E-01  1.24504095E-01  4.95444372E-03
1.51194710E-01  1.25955886E-01  4.94037339E-03
1.51441760E-01  1.23546586E-01  4.93814324E-03
1.51627047E-01  1.17456871E-01  6.97749534E-03
1.51812335E-01  1.18682269E-01  4.93447577E-03
1.52059385E-01  1.24091006E-01  4.93546188E-03
1.52306435E-01  1.22104392E-01  4.92921649E-03
1.52553486E-01  1.09487499E-01  4.93183227E-03
1.52800536E-01  1.30570670E-01  4.92003254E-03
1.53047586E-01  1.27378575E-01  4.93346175E-03
1.53294636E-01  1.13889062E-01  4.92728001E-03
1.53541686E-01  1.27106338E-01  4.91660552E-03
1.53788736E-01  1.13950766E-01  4.91315414E-03
1.54035787E-01  1.09641561E-01  4.91438291E-03
1.54221074E-01  1.08877703E-01  6.96072526E-03
1.54406362E-01  1.13155093E-01  4.90941810E-03
1.54653412E-01  1.16332428E-01  4.91297163E-03
1.54900462E-01  1.19273472E-01  4.90570832E-03
1.55147512E-01  1.13449830E-01  4.90340571E-03
1.55394563E-01  1.07386811E-01  4.90740099E-03
1.55641613E-01  1.10412657E-01  4.90361611E-03
1.55888663E-01  1.14659918E-01  4.89772571E-03
1.56135713E-01  1.04396504E-01  4.88832759E-03
1.56382763E-01  1.13340035E-01  4.89506286E-03
1.56629814E-01  1.12544904E-01  4.89336206E-03
1.56876864E-01  1.14423274E-01  4.89730971E-03
1.57123914E-01  9.79033482E-02  4.88352647E-03
1.57370964E-01  1.02357642E-01  4.88471735E-03
1.57618014E-01  1.04530316E-01  4.87959863E-03
1.57865064E-01  1.10537529E-01  4.88191116E-03
1.58112115E-01  1.06382536E-01  4.88287477E-03
1.58359165E-01  1.03072770E-01  4.87231462E-03
1.58606215E-01  1.08268318E-01  4.87010225E-03
1.58853265E-01  1.02642692E-01  4.86997276E-03
1.59100315E-01  1.07046604E-01  4.86638225E-03
1.59347365E-01  9.29386154E-02  4.87385542E-03
1.59594416E-01  9.95623066E-02  4.86495274E-03
1.59841466E-01  9.50486406E-02  4.85711831E-03
1.60088516E-01  9.05002147E-02  4.86429382E-03
1.60335566E-01  9.19355595E-02  4.84980688E-03
1.60582616E-01  9.82766482E-02  4.86227937E-03
1.60829667E-01  9.36538340E-02  4.85704265E-03
1.61076717E-01  9.43778761E-02  4.84477460E-03
1.61323767E-01  9.76045672E-02  4.85711810E-03
1.61570817E-01  1.00669691E-01  4.84250505E-03
1.61817867E-01  9.42769611E-02  4.84182050E-03
1.62064917E-01  1.00550117E-01  4.84343225E-03
1.62311968E-01  9.69392130E-02  4.84971863E-03
1.62559018E-01  9.15642723E-02  4.84246080E-03
1.62806068E-01  9.21960138E-02  4.83169674E-03
1.63053118E-01  9.74554894E-02  4.83526246E-03
1.63300168E-01  9.16491472E-02  4.83961604E-03
1.63547219E-01  8.83466895E-02  4.82403498E-03
1.63794269E-01  8.73202466E-02  4.83458648E-03
1.64041319E-01  8.09138027E-02  4.82739764E-03
1.64288369E-01  8.63148944E-02  4.82296066E-03
1.64535419E-01  8.24560908E-02  4.90774655E-03
1.64782469E-01  8.87107129E-02  4.95740659E-03
1.65029520E-01  8.25587913E-02  4.99395404E-03
1.65276570E-01  8.17111297E-02  5.02488570E-03
1.65523620E-01  8.83540958E-02  5.04980582E-03
1.65770670E-01  9.11513716E-02  5.06570545E-03
1.66079483E-01  8.19978649E-02  4.16813607E-03
1.66388296E-01  8.48313755E-02  5.11767068E-03
1.66635346E-01  8.22729356E-02  5.14264966E-03
1.66882396E-01  7.59058753E-02  5.16279079E-03
1.67129446E-01  9.20193382E-02  5.18392423E-03
1.67376496E-01  7.93782126E-02  5.18035650E-03
1.67623546E-01  7.42103414E-02  5.21308985E-03
1.67870597E-01  7.39035075E-02  5.21792530E-03
1.68117647E-01  7.83174840E-02  5.24843000E-03
1.68364697E-01  7.58960027E-02  5.23921461E-03
1.68611747E-01  7.30723828E-02  5.28346054E-03
1.68920560E-01  8.19717169E-02  4.30601453E-03
1.69229373E-01  6.97424107E-02  5.27976485E-03
1.69476423E-01  7.83432097E-02  5.16720023E-03
1.69723473E-01  8.16187363E-02  5.14694667E-03
1.69970523E-01  6.50733980E-02  5.10559340E-03
1.70217573E-01  7.45166774E-02  5.08961281E-03
1.70464624E-01  7.03516557E-02  5.06660389E-03
1.70711674E-01  8.13360830E-02  5.06061705E-03
1.71020486E-01  7.58296976E-02  4.11007769E-03
1.71329299E-01  7.98704160E-02  5.03830586E-03
1.71576349E-01  6.34494847E-02  4.99730715E-03
1.71823400E-01  7.66256269E-02  5.00426597E-03
1.72070450E-01  8.47796600E-02  4.98064281E-03
1.72317500E-01  7.28296534E-02  4.97934141E-03
1.72564550E-01  6.87539358E-02  4.96416046E-03
1.72873363E-01  7.59692700E-02  4.04816332E-03
1.73182176E-01  6.79482780E-02  4.94689897E-03
1.73429226E-01  6.66485372E-02  4.94645458E-03
1.73676276E-01  7.41355432E-02  4.92262276E-03
1.73923326E-01  6.82772381E-02  4.93667256E-03
1.74170376E-01  6.02089467E-02  4.91588774E-03
1.74479189E-01  6.96264339E-02  4.01555956E-03
1.74788002E-01  6.21173421E-02  4.89966550E-03
1.75035052E-01  6.13675880E-02  4.90585491E-03
1.75282102E-01  6.47299847E-02  4.89502535E-03
1.75529152E-01  6.44005092E-02  4.90814627E-03
1.75837965E-01  6.09536734E-02  3.98475414E-03
1.76146778E-01  6.45104908E-02  4.89893988E-03
1.76393828E-01  5.81792527E-02  4.86670715E-03
1.76640878E-01  7.18911887E-02  4.87875660E-03
1.76887928E-01  6.21127972E-02  4.87447554E-03
1.77196741E-01  6.57301699E-02  3.98203828E-03
1.77505554E-01  6.27335156E-02  4.86262202E-03
1.77752604E-01  5.52765472E-02  4.87298903E-03
1.77999654E-01  6.06856260E-02  4.85470468E-03
1.78246704E-01  5.46981843E-02  4.86909775E-03
1.78555517E-01  6.27664297E-02  3.95675950E-03
1.78864330E-01  6.84230334E-02  4.89918010E-03
1.79111380E-01  5.99070604E-02  4.96561354E-03
1.79358430E-01  5.86125465E-02  5.01637465E-03
1.79667243E-01  6.21637707E-02  4.12032181E-03
1.79976055E-01  6.03058033E-02  5.07734345E-03
1.80223106E-01  5.86204726E-02  5.10870117E-03
1.80470156E-01  6.13384913E-02  5.08432161E-03
1.80778969E-01  5.76243395E-02  4.09407372E-03
1.81087781E-01  5.30924797E-02  4.96862844E-03
1.81334831E-01  5.29267504E-02  4.94324975E-03
1.81581882E-01  6.11040710E-02  4.92812161E-03
1.81890694E-01  5.22701414E-02  3.99554812E-03
1.82199507E-01  5.61350988E-02  4.86931452E-03
1.82446557E-01  5.67290344E-02  4.86592248E-03
1.82755370E-01  6.06391020E-02  3.94493364E-03
1.83064183E-01  5.27187677E-02  4.83736820E-03
1.83311233E-01  6.54280314E-02  4.81760434E-03
1.83558283E-01  5.65648132E-02  4.81852737E-03
1.83867096E-01  5.48099511E-02  3.92626735E-03
1.84175908E-01  4.24643729E-02  4.80740510E-03
1.84422959E-01  5.34752503E-02  4.80103763E-03
1.84731771E-01  5.30175268E-02  3.92397920E-03
1.85040584E-01  5.03875315E-02  4.79244233E-03
1.85287634E-01  5.46931110E-02  4.78635599E-03
1.85596447E-01  4.68929193E-02  3.90229161E-03
1.85905260E-01  4.50768562E-02  4.76479188E-03
1.86152310E-01  5.92835093E-02  4.76406013E-03
1.86461123E-01  5.28519708E-02  3.88894926E-03
1.86769935E-01  5.02624994E-02  4.75374146E-03
1.87016986E-01  4.91783313E-02  4.75328740E-03
1.87325798E-01  4.27651046E-02  3.87531876E-03
1.87634611E-01  4.28840452E-02  4.74759685E-03
1.87881661E-01  5.28987379E-02  4.75107208E-03
1.88190474E-01  4.64318029E-02  3.86183307E-03
1.88499287E-01  5.03729197E-02  4.73951805E-03
1.88746337E-01  4.64777197E-02  4.73462530E-03
1.89055150E-01  4.86750354E-02  3.85563529E-03
1.89363962E-01  4.71021469E-02  4.72516903E-03
1.89611012E-01  4.20387002E-02  4.71176409E-03
1.89919825E-01  4.62608831E-02  3.85330247E-03
1.90228638E-01  3.60746179E-02  4.71040359E-03
1.90537451E-01  5.02724578E-02  3.84462175E-03
1.90846263E-01  4.24846253E-02  4.71004727E-03
1.91093314E-01  4.39607375E-02  4.70076880E-03
1.91402126E-01  4.97521436E-02  3.83976899E-03
1.91710939E-01  4.90186383E-02  4.69989856E-03
1.91957989E-01  5.71879635E-02  4.69028719E-03
1.92266802E-01  4.17286120E-02  3.83295552E-03
1.92575615E-01  4.51700989E-02  4.68390052E-03
1.92884427E-01  4.45009558E-02  3.82950936E-03
1.93193240E-01  3.59525589E-02  4.68051986E-03
1.93502053E-01  3.83191471E-02  3.81773508E-03
1.93810865E-01  3.87433497E-02  4.67757209E-03
1.94057916E-01  4.16993500E-02  4.66626927E-03
1.94366728E-01  4.42252923E-02  3.81295998E-03
1.94675541E-01  3.27210969E-02  4.66701296E-03
1.94984354E-01  4.06519393E-02  3.80966326E-03
1.95293167E-01  3.87397014E-02  4.66293320E-03
1.95601979E-01  4.13555538E-02  3.80451494E-03
1.95910792E-01  3.38373292E-02  4.65525790E-03
1.96157842E-01  3.11178648E-02  4.64697832E-03
1.96466655E-01  3.80528528E-02  3.79867003E-03
1.96775468E-01  3.50720548E-02  4.63972968E-03
1.97084280E-01  3.50140977E-02  3.79370259E-03
1.97393093E-01  3.94801207E-02  4.63971553E-03
1.97701906E-01  3.57620239E-02  3.78865906E-03
1.98010719E-01  3.59461265E-02  4.63977296E-03
1.98319531E-01  4.10339438E-02  3.78102546E-03
1.98628344E-01  4.15167027E-02  4.63411334E-03
1.98937157E-01  3.37352029E-02  3.77704584E-03
1.99245969E-01  4.26400455E-02  4.62289434E-03
1.99554782E-01  3.50678943E-02  3.77413131E-03
1.99863595E-01  3.35277723E-02  4.61819673E-03
2.00172408E-01  3.82442644E-02  3.76612645E-03
2.00481220E-01  4.27171196E-02  4.61205691E-03
2.00790033E-01  4.57779311E-02  3.76258577E-03
2.01098846E-01  3.70206107E-02  4.60400168E-03
2.01407658E-01  3.19613781E-02  3.75376117E-03
2.01716471E-01  3.16172688E-02  4.60268865E-03
2.02025284E-01  3.02824876E-02  3.74751651E-03
2.02334097E-01  3.93432934E-02  4.60129170E-03
2.02642909E-01  3.91076016E-02  3.74488485E-03
2.02951722E-01  2.30178401E-02  4.59609449E-03
2.03260535E-01  3.38891745E-02  3.74108621E-03
2.03569348E-01  3.04876525E-02  4.56950960E-03
2.03878160E-01  3.55286056E-02  3.74005065E-03
2.04186973E-01  3.49145727E-02  4.56049660E-03
2.04495786E-01  4.30442959E-02  3.72321264E-03
2.04866361E-01  2.90950388E-02  3.72241708E-03
2.05175174E-01  3.44517583E-02  4.55170167E-03
2.05483986E-01  3.89521393E-02  3.72119616E-03
2.05792799E-01  2.68699744E-02  4.54267903E-03
2.06101612E-01  3.59798703E-02  3.72333859E-03
2.06410425E-01  2.76872502E-02  4.54722928E-03
2.06719237E-01  3.65302118E-02  3.71372490E-03
2.07089813E-01  2.45722190E-02  3.71342194E-03
2.07398625E-01  3.14240587E-02  4.53357145E-03
2.07707438E-01  3.37228750E-02  3.70515801E-03
2.08016251E-01  2.93147218E-02  4.53484334E-03
2.08325063E-01  3.19966349E-02  3.69419468E-03
2.08695639E-01  3.19975935E-02  3.69405957E-03
2.09004451E-01  3.29050314E-02  4.52151701E-03
2.09313264E-01  2.89937668E-02  3.69509857E-03
2.09622077E-01  2.78545496E-02  4.51496726E-03
2.09930890E-01  2.92446826E-02  3.68570457E-03
2.10301465E-01  3.14260058E-02  3.69006786E-03
2.10610278E-01  3.00984785E-02  4.50531059E-03
2.10919090E-01  2.48209220E-02  3.68603663E-03
2.11289666E-01  3.02144618E-02  3.67507147E-03
2.11598478E-01  3.22268750E-02  4.50202196E-03
2.11907291E-01  3.00486127E-02  3.67229829E-03
2.12277866E-01  3.52576124E-02  3.66950038E-03
2.12586679E-01  2.69575651E-02  4.49245476E-03
2.12895492E-01  2.45831440E-02  3.66572970E-03
2.13266067E-01  3.40966452E-02  3.67026018E-03
2.13574880E-01  2.84343773E-02  4.48199676E-03
2.13883693E-01  3.18373813E-02  3.66316320E-03
2.14254268E-01  2.56926549E-02  3.66417196E-03
2.14563081E-01  2.09249637E-02  4.47550757E-03
2.14871893E-01  2.58152587E-02  3.65671191E-03
2.15242469E-01  3.28050426E-02  3.65406930E-03
2.15551281E-01  2.53045731E-02  4.47603948E-03
2.15860094E-01  2.64175914E-02  3.65070542E-03
2.16230669E-01  3.12795243E-02  3.64989455E-03
2.16539482E-01  2.44965777E-02  4.46870485E-03
2.16848295E-01  2.79220377E-02  3.64674033E-03
2.17218870E-01  2.05056631E-02  3.64440983E-03
2.17589445E-01  1.74363613E-02  3.63828034E-03
2.17898258E-01  2.41880060E-02  4.46181135E-03
2.18207071E-01  2.26179649E-02  3.63788045E-03
2.18577646E-01  2.45500037E-02  3.63219495E-03
2.18886459E-01  2.09213443E-02  4.44988292E-03
2.19195271E-01  2.70398387E-02  3.63081632E-03
2.19565847E-01  2.65313360E-02  3.63209123E-03
2.19936422E-01  2.39446409E-02  3.63268049E-03
2.20245235E-01  3.05186777E-02  4.43032340E-03
2.20554047E-01  2.16898676E-02  3.63091092E-03
2.20924623E-01  2.53856977E-02  3.61458169E-03
2.21295198E-01  3.36506243E-02  3.61892415E-03
2.21604011E-01  2.27398014E-02  4.43346441E-03
2.21912823E-01  1.84030380E-02  3.61491841E-03
2.22283399E-01  2.07722066E-02  3.61394542E-03
2.22653974E-01  2.71551285E-02  3.61525965E-03
2.23024549E-01  2.49109985E-02  3.61012191E-03
2.23333362E-01  2.28050964E-02  4.41666146E-03
2.23642175E-01  2.09832960E-02  3.60627901E-03
2.24012750E-01  1.95679748E-02  3.60199502E-03
2.24383325E-01  2.39611242E-02  3.60311115E-03
2.24753900E-01  2.42398762E-02  3.60327348E-03
2.25062713E-01  2.04162432E-02  4.40111604E-03
2.25371526E-01  2.06918023E-02  3.60006230E-03
2.25742101E-01  2.17368869E-02  3.58970330E-03
2.26112676E-01  1.52018950E-02  3.59366028E-03
2.26483252E-01  1.92662391E-02  3.58883916E-03
2.26792064E-01  2.66079407E-02  4.39312261E-03
2.27100877E-01  2.28867309E-02  3.59018098E-03
2.27471452E-01  1.96733334E-02  3.58694134E-03
2.27842028E-01  1.62024964E-02  3.58151047E-03
2.28212603E-01  1.89961573E-02  3.57775308E-03
2.28583178E-01  2.03860975E-02  3.58117627E-03
2.28953753E-01  1.82342667E-02  3.57506578E-03
2.29262566E-01  2.38794729E-02  4.38257083E-03
2.29571379E-01  2.76952611E-02  3.57405539E-03
2.29941954E-01  1.49773621E-02  3.56930468E-03
2.30312529E-01  1.53347683E-02  3.56580808E-03
2.30683105E-01  2.93409187E-02  3.56865929E-03
2.31053680E-01  2.47124386E-02  3.56762590E-03
2.31424255E-01  2.71582612E-02  3.56460335E-03
2.31794831E-01  1.97933736E-02  3.56030208E-03
2.32103643E-01  2.38019009E-02  4.36229636E-03
2.32412456E-01  2.28061449E-02  3.57437481E-03
2.32783031E-01  1.60966355E-02  3.63870590E-03
2.33153606E-01  2.02644200E-02  3.68354536E-03
2.33524182E-01  2.38349148E-02  3.71350652E-03
2.33894757E-01  1.90842057E-02  3.73963847E-03
2.34265332E-01  2.56691168E-02  3.76398304E-03
2.34635908E-01  1.34547147E-02  3.78423296E-03
2.35006483E-01  1.73874834E-02  3.80514266E-03
2.35377058E-01  1.74434998E-02  3.82543497E-03
2.35747633E-01  2.18382119E-02  3.83976668E-03
2.36118209E-01  2.87277277E-02  3.85962759E-03
2.36488784E-01  2.05787000E-02  3.87216146E-03
2.36859359E-01  1.34904740E-02  3.88667773E-03
2.37229934E-01  1.87680861E-02  3.89243436E-03
2.37600510E-01  1.75006150E-02  3.81882833E-03
2.37909322E-01  1.82641050E-02  4.63291248E-03
2.38218135E-01  2.02019047E-02  3.75841311E-03
2.38588710E-01  1.66010244E-02  3.73494755E-03
2.38959286E-01  2.08257536E-02  3.72142852E-03
2.39329861E-01  1.28652572E-02  3.70732582E-03
2.39700436E-01  1.88165580E-02  3.69590216E-03
2.40071011E-01  2.01673021E-02  3.68692885E-03
2.40441587E-01  2.24294639E-02  3.67682119E-03
2.40812162E-01  1.58995926E-02  3.66471314E-03
2.41182737E-01  1.82528046E-02  3.66392855E-03
2.41553313E-01  2.18666858E-02  3.65576998E-03
2.41923888E-01  1.39731009E-02  3.64923768E-03
2.42294463E-01  2.17359648E-02  3.63887419E-03
2.42726801E-01  2.24010488E-02  3.15400720E-03
2.43159139E-01  1.34101087E-02  3.62874267E-03
2.43529714E-01  1.42969324E-02  3.62459511E-03
2.43900289E-01  1.91998870E-02  3.61512259E-03
2.44270865E-01  1.91120337E-02  3.61067883E-03
2.44641440E-01  2.31157556E-02  3.60629166E-03
2.45012015E-01  1.60328846E-02  3.59592754E-03
2.45382590E-01  1.83246344E-02  3.59222530E-03
2.45753166E-01  2.01566789E-02  3.58592681E-03
2.46123741E-01  2.39031212E-02  3.57735352E-03
2.46494316E-01  2.17985763E-02  3.56856595E-03
2.46864891E-01  1.33506903E-02  3.56494653E-03
2.47235467E-01  1.45661074E-02  3.56118623E-03
2.47606042E-01  2.01923619E-02  3.55419586E-03
2.47976617E-01  2.04906293E-02  3.54618519E-03
2.48408955E-01  2.15044162E-02  3.06605057E-03
2.48841293E-01  1.14521920E-02  3.53161854E-03
2.49211868E-01  2.33395771E-02  3.52252878E-03
2.49582443E-01  1.71150022E-02  3.52157662E-03
2.49953019E-01  7.19995296E-03  3.51296721E-03
2.50323594E-01  1.50810295E-02  3.51329778E-03
2.50694169E-01  1.40973153E-02  3.50787059E-03
2.51064744E-01  1.60969092E-02  3.51199381E-03
2.51497082E-01  1.89934292E-02  3.03514965E-03
2.51929420E-01  2.12239256E-02  3.50126461E-03
2.52299995E-01  1.73367985E-02  3.50420044E-03
2.52670571E-01  1.59920482E-02  3.50171595E-03
2.53041146E-01  1.71628089E-02  3.49545953E-03
2.53411721E-01  1.43607818E-02  3.49530674E-03
2.53782296E-01  2.57417389E-02  3.49150415E-03
2.54214634E-01  2.25275312E-02  3.02468808E-03
2.54646972E-01  1.52940165E-02  3.48287397E-03
2.55017547E-01  1.18746132E-02  3.48779014E-03
2.55388123E-01  1.38034000E-02  3.48330663E-03
2.55758698E-01  2.01373832E-02  3.48363961E-03
2.56191036E-01  1.33982557E-02  3.00907190E-03
2.56623373E-01  1.82320938E-02  3.48223403E-03
2.56993949E-01  1.91658487E-02  3.47442827E-03
2.57364524E-01  2.05166830E-02  3.47088808E-03
2.57735099E-01  1.42359629E-02  3.47071796E-03
2.58167437E-01  1.85466556E-02  3.00382552E-03
2.58599775E-01  1.98919748E-02  3.46848027E-03
2.58970350E-01  1.48834393E-02  3.46322009E-03
2.59340925E-01  1.92865887E-02  3.46225726E-03
2.59773263E-01  1.44655912E-02  2.99459715E-03
2.60205601E-01  1.53949530E-02  3.45880338E-03
2.60576176E-01  1.83913958E-02  3.45313350E-03
2.60946752E-01  1.42769996E-02  3.45191244E-03
2.61379089E-01  9.61785115E-03  2.99049424E-03
2.61811427E-01  1.62555328E-02  3.44326198E-03
2.62182003E-01  1.57671723E-02  3.44871515E-03
2.62552578E-01  2.08213844E-02  3.44416090E-03
2.62984916E-01  1.80776980E-02  2.98168171E-03
2.63417253E-01  1.83554343E-02  3.43917972E-03
2.63787829E-01  1.30332830E-02  3.43980430E-03
2.64220167E-01  1.51208444E-02  2.97466243E-03
2.64652504E-01  1.53520047E-02  3.43536627E-03
2.65023080E-01  1.63436256E-02  3.42920196E-03
2.65455417E-01  2.08945569E-02  2.97137930E-03
2.65887755E-01  1.18253424E-02  3.42445434E-03
2.66258330E-01  1.83395501E-02  3.42863991E-03
2.66690668E-01  1.34847303E-02  2.96351515E-03
2.67123006E-01  1.95266386E-02  3.42213528E-03
2.67493581E-01  1.30426257E-02  3.41869162E-03
2.67925919E-01  1.49149067E-02  2.95923095E-03
2.68358257E-01  1.56017706E-02  3.41937370E-03
2.68728832E-01  1.48613968E-02  3.40863571E-03
2.69161170E-01  1.13764414E-02  2.95147813E-03
2.69593508E-01  1.66767132E-02  3.40508818E-03
2.69964083E-01  1.42088287E-02  3.40589905E-03
2.70396421E-01  1.60677095E-02  2.94890827E-03
2.70828759E-01  1.90173802E-02  3.39989881E-03
2.71261097E-01  1.56199085E-02  2.94532708E-03
2.71693434E-01  1.31694232E-02  3.39729077E-03
2.72064010E-01  1.54609746E-02  3.39346535E-03
2.72496348E-01  1.18089361E-02  2.94023327E-03
2.72928685E-01  1.46844601E-02  3.39083097E-03
2.73361023E-01  1.53197707E-02  2.93563088E-03
2.73793361E-01  2.07073885E-02  3.38731792E-03
2.74163936E-01  8.43001899E-03  3.38748086E-03
2.74596274E-01  1.79524804E-02  2.93201423E-03
2.75028612E-01  1.64617163E-02  3.38125982E-03
2.75460950E-01  1.64584220E-02  2.92804302E-03
2.75893287E-01  2.06172040E-02  3.37189719E-03
2.76325625E-01  2.15722801E-02  2.92150236E-03
2.76757963E-01  1.74506701E-02  3.37323429E-03
2.77190301E-01  1.99705711E-02  2.91844334E-03
2.77622639E-01  1.64615940E-02  3.36789219E-03
2.77993214E-01  1.71531214E-02  3.37007206E-03
2.78425552E-01  1.68365853E-02  2.91487733E-03
2.78857890E-01  1.69762114E-02  3.36424926E-03
2.79290227E-01  1.84915898E-02  2.90906358E-03
2.79722565E-01  1.58667685E-02  3.36068163E-03
2.80154903E-01  1.90836405E-02  2.90590803E-03
2.80587241E-01  9.23608307E-03  3.35997185E-03
2.81019579E-01  9.82071684E-03  2.90328352E-03
2.81451916E-01  2.35716196E-02  3.34928341E-03
2.81884254E-01  2.56431873E-02  2.90244024E-03
2.82316592E-01  1.74327403E-02  3.34904418E-03
2.82748930E-01  1.42514715E-02  2.89979128E-03
2.83243030E-01  1.39438328E-02  2.89492663E-03
2.83675368E-01  1.82162015E-02  3.34340711E-03
2.84107706E-01  1.51088709E-02  2.89222345E-03
2.84540044E-01  1.90975895E-02  3.34069171E-03
2.84972382E-01  1.62498620E-02  2.88654642E-03
2.85404719E-01  1.07234032E-02  3.33864580E-03
2.85837057E-01  1.64787725E-02  2.88724449E-03
2.86269395E-01  1.63390579E-02  3.33166777E-03
2.86701733E-01  1.62446961E-02  2.88051637E-03
2.87195833E-01  1.63256872E-02  2.88331103E-03
2.87628171E-01  1.76384285E-02  3.32559069E-03
2.88060509E-01  1.21400907E-02  2.87748701E-03
2.88492847E-01  1.38117090E-02  3.32104441E-03
2.88925184E-01  1.22954577E-02  2.87262206E-03
2.89419285E-01  1.21514904E-02  2.87373260E-03
2.89851623E-01  2.12586855E-02  3.31535414E-03
2.90283960E-01  9.07138653E-03  2.86916861E-03
2.90716298E-01  1.92488672E-02  3.31334342E-03
2.91148636E-01  1.45585543E-02  2.86847261E-03
2.91642736E-01  2.26444003E-02  2.86460574E-03
2.92075074E-01  1.23795273E-02  3.30596685E-03
2.92507412E-01  1.81801014E-02  2.86218120E-03
2.93001512E-01  1.41117237E-02  2.85945272E-03
2.93433850E-01  1.60627892E-02  3.30113768E-03
2.93866188E-01  1.24099428E-02  2.85462749E-03
2.94360288E-01  1.65301074E-02  2.85042976E-03
2.94792626E-01  1.64137091E-02  3.28990326E-03
2.95224964E-01  1.61625376E-02  2.84678610E-03
2.95719064E-01  1.32603036E-02  2.84511589E-03
2.96151402E-01  9.88022869E-03  3.28099444E-03
2.96583740E-01  1.95042894E-02  2.84451431E-03
2.97077840E-01  1.71348563E-02  2.84035467E-03
2.97571941E-01  1.34845408E-02  2.84004320E-03
2.98004278E-01  1.58584355E-02  3.27897993E-03
2.98436616E-01  1.53862628E-02  2.84120846E-03
2.98930717E-01  1.77296963E-02  2.84006164E-03
2.99424817E-01  1.52390531E-02  2.83599494E-03
2.99857155E-01  1.49092825E-02  3.27641188E-03
3.00289493E-01  1.54893961E-02  2.83323056E-03
3.00783593E-01  1.58326982E-02  2.86345950E-03
3.01277693E-01  1.28325765E-02  2.91886107E-03
3.01710031E-01  1.62471990E-02  3.40836938E-03
3.02142369E-01  1.76787895E-02  2.97267585E-03
3.02636469E-01  1.57201696E-02  3.00250007E-03
3.03130570E-01  1.70212938E-02  3.02187327E-03
3.03562908E-01  1.56359826E-02  3.51438916E-03
3.03995245E-01  1.70582808E-02  3.05828411E-03
3.04489346E-01  1.13784293E-02  3.07661392E-03
3.04983446E-01  1.80176854E-02  3.09414916E-03
3.05477546E-01  1.40187951E-02  3.10843221E-03
3.05909884E-01  1.43053280E-02  3.60849794E-03
3.06342222E-01  1.70923616E-02  3.13554616E-03
3.06836322E-01  1.49275031E-02  3.15476377E-03
3.07330423E-01  2.05997181E-02  3.17940623E-03
3.07824523E-01  2.49929282E-02  3.28069137E-03
3.08318623E-01  1.71242521E-02  3.35885710E-03
3.08812724E-01  1.19544031E-02  3.42362816E-03
3.09245062E-01  1.62027782E-02  4.00447564E-03
3.09677399E-01  1.38753307E-02  3.49471111E-03
3.10171500E-01  1.19429138E-02  3.53668431E-03
3.10665600E-01  9.91253105E-03  3.58205936E-03
3.11159701E-01  1.85919712E-02  3.61739862E-03
3.11653801E-01  2.03473713E-02  3.66048859E-03
3.12147901E-01  1.28346539E-02  3.69939851E-03
3.12642002E-01  1.78107959E-02  3.73233786E-03
3.13136102E-01  1.08589253E-02  3.77311686E-03
3.13568440E-01  2.26810889E-02  4.39355765E-03
3.14000778E-01  1.22272136E-02  3.84159590E-03
3.14494878E-01  2.02700889E-02  3.87633595E-03
3.14988978E-01  1.47369110E-02  3.91573927E-03
3.15483079E-01  1.08164843E-02  3.95451297E-03
3.15977179E-01  1.86011854E-02  3.98818716E-03
3.16471279E-01  1.23047345E-02  4.02905315E-03
3.16965380E-01  1.38208431E-02  4.06967947E-03
3.17459480E-01  1.76917768E-02  4.10359010E-03
3.17953580E-01  1.62183466E-02  4.13200742E-03
3.18447681E-01  1.53321560E-02  4.15907675E-03
3.18941781E-01  1.43199078E-02  4.17010645E-03
3.19435882E-01  1.52355735E-02  4.19299440E-03
3.19929982E-01  1.74693757E-02  4.21566047E-03
3.20424082E-01  1.54378579E-02  4.23330290E-03
3.20918183E-01  1.12808585E-02  4.25645758E-03
3.21412283E-01  1.69069830E-02  4.27579013E-03
3.21906383E-01  1.73908821E-02  4.29016388E-03
3.22400484E-01  1.31201239E-02  4.30979512E-03
3.22894584E-01  1.23756058E-02  4.31246083E-03
3.23388684E-01  1.93198444E-02  4.32064601E-03
3.23882785E-01  2.20185353E-03  4.32655221E-03
3.24376885E-01  1.17120111E-02  4.34159012E-03
3.24870985E-01  8.34594776E-03  4.35974116E-03
3.25365086E-01  1.93807684E-02  4.38772108E-03
3.25859186E-01  1.32827308E-02  4.39825058E-03
3.26353287E-01  1.32508039E-02  4.41653558E-03
3.26847387E-01  1.75115004E-02  4.44279824E-03
3.27403250E-01  1.96016799E-02  3.99109412E-03
3.27959113E-01  1.83774361E-02  4.47391503E-03
3.28453213E-01  1.22535246E-02  4.49973609E-03
3.28947313E-01  1.87914132E-02  4.52405621E-03
3.29441414E-01  8.67727255E-03  4.53025108E-03
3.29935514E-01  9.30770292E-03  4.55818941E-03
3.30429614E-01  7.81780553E-03  4.57353150E-03
3.30923715E-01  2.05004520E-02  4.59921351E-03
3.31417815E-01  8.50171944E-03  4.60916034E-03
3.31973678E-01  2.27539306E-02  4.14300290E-03
3.32529541E-01  1.91158662E-02  4.65288846E-03
3.33023641E-01  1.63417270E-02  4.67513958E-03
3.33517742E-01  1.28527485E-02  4.69146381E-03
3.34011842E-01  2.14890579E-02  4.70426616E-03
3.34505942E-01  1.83829787E-02  4.73569887E-03
3.35061805E-01  1.60453021E-02  4.25337811E-03
3.35617668E-01  2.09956463E-02  4.76725870E-03
3.36111769E-01  1.28548182E-02  4.79688984E-03
3.36605869E-01  1.65111091E-02  4.81000902E-03
3.37099969E-01  1.31866916E-02  4.83644616E-03
3.37655832E-01  1.13783681E-02  4.33856132E-03
3.38211695E-01  1.84114667E-02  4.88336808E-03
3.38705795E-01  8.42901527E-03  4.88519222E-03
3.39199896E-01  1.90907288E-02  4.93282669E-03
3.39755759E-01  1.11823335E-02  4.41404934E-03
3.40311622E-01  1.31501981E-02  4.95747871E-03
3.40805722E-01  1.20010962E-02  4.98156648E-03
3.41299822E-01  2.04469486E-02  5.01238110E-03
3.41855685E-01  1.19908281E-02  4.49215858E-03
3.42411548E-01  1.56858653E-02  5.04013578E-03
3.42905649E-01  1.65680122E-02  5.07102862E-03
3.43399749E-01  6.91872107E-03  5.09890984E-03
3.43955612E-01  2.47275938E-02  4.57216962E-03
3.44511475E-01  1.22248045E-02  5.13624224E-03
3.45005575E-01  1.29155203E-04  5.15398611E-03
3.45561438E-01  1.21411598E-02  4.63756479E-03
3.46117301E-01  1.23568396E-02  5.20806467E-03
3.46611401E-01  2.36414923E-02  5.23114715E-03
3.47167264E-01  1.16464836E-02  4.69787442E-03
3.47723127E-01  1.81184969E-02  5.27726499E-03
3.48217227E-01  1.96210004E-02  5.30482203E-03
3.48773090E-01  2.07976939E-02  4.76020372E-03
3.49328953E-01  8.92801036E-03  5.33698507E-03
3.49823054E-01  1.87159951E-02  5.32469759E-03
3.50378916E-01  8.39791912E-03  4.75879369E-03
3.50934779E-01  2.12534242E-02  5.32415012E-03
3.51490642E-01  2.47559023E-02  4.77120195E-03
3.52046505E-01  1.06330406E-02  5.37091439E-03
3.52540606E-01  1.18644228E-02  5.37279447E-03
3.53096468E-01  1.69064846E-02  4.84020494E-03
3.53652331E-01  9.49686687E-05  5.43156660E-03
3.54208194E-01  1.28778117E-02  4.88270429E-03
3.54764057E-01  1.76029513E-02  5.49546982E-03
3.55319920E-01  1.40638574E-02  4.93506957E-03
3.55875783E-01  7.23471742E-03  5.52758296E-03
3.56369883E-01  2.06824306E-02  5.56087906E-03
3.56925746E-01  2.31342513E-02  4.99920938E-03
3.57481609E-01  2.33037114E-02  5.63309646E-03
3.58037472E-01  1.47114322E-02  5.04921384E-03
3.58593335E-01  1.67220238E-02  5.66406409E-03
3.59149198E-01  1.29418127E-02  5.10124514E-03
3.59705061E-01  1.65609611E-02  5.72561345E-03
3.60260924E-01  9.30319363E-03  5.14714415E-03
3.60816787E-01  2.02564688E-02  5.79531295E-03
3.61372649E-01  1.96025923E-02  5.20240727E-03
3.61928512E-01  1.38961409E-02  5.85073398E-03
3.62484375E-01  5.80503611E-03  5.25523672E-03
3.63040238E-01  1.05592841E-02  5.90090991E-03
3.63596101E-01  1.45303231E-02  5.31199033E-03
3.64151964E-01  1.74312754E-02  5.96823012E-03
3.64707827E-01  1.05165409E-02  5.36224317E-03
3.65325452E-01  1.59975775E-02  5.39692223E-03
3.65881315E-01  7.06556918E-03  6.07944309E-03
3.66437178E-01  5.53281497E-03  5.45644495E-03
3.66993041E-01  1.69713639E-02  6.11761507E-03
3.67548904E-01  1.81574649E-02  5.51515048E-03
3.68104767E-01  1.06103008E-02  6.18732450E-03
3.68660630E-01  1.32933730E-02  5.57757934E-03
3.69278255E-01  1.47731674E-02  5.60767179E-03
3.69834118E-01  7.14978450E-03  6.30836718E-03
3.70389981E-01  1.25338618E-02  5.67217392E-03
3.71007606E-01  3.05993363E-02  5.70760403E-03
3.71563469E-01  1.42747981E-02  6.43137403E-03
3.72119332E-01  1.82999161E-02  5.77621659E-03
3.72675195E-01  2.23307144E-02  6.48319183E-03
3.73231058E-01  1.04128554E-02  5.84077025E-03
3.73848683E-01  9.29705607E-03  5.87699601E-03
3.74404546E-01  8.99857353E-03  6.59985279E-03
3.74960409E-01  1.71499339E-02  5.94667776E-03
3.75578035E-01  8.78919814E-03  5.98601527E-03
3.76195660E-01  1.18378643E-02  6.02987356E-03
3.76751523E-01  1.29087591E-02  6.78644406E-03
3.77307386E-01  1.40392777E-02  6.10213755E-03
3.77925011E-01  4.92264165E-03  6.14266989E-03
3.78480874E-01  2.82686829E-02  6.94242902E-03
3.79036737E-01  1.41826034E-02  6.21724259E-03
3.79654363E-01  1.48015275E-02  6.26724466E-03
3.80271988E-01  1.20626588E-02  6.30866649E-03
3.80827851E-01  1.12535276E-02  7.12796290E-03
3.81383714E-01  4.11006697E-03  6.39874218E-03
3.82001339E-01  9.40842820E-03  6.45465495E-03
3.82618965E-01  1.62687297E-02  6.49939779E-03
3.83174828E-01  9.48805486E-03  7.28736239E-03
3.83730691E-01  7.77674243E-03  6.59683197E-03
3.84348316E-01  1.88036631E-02  6.64191865E-03
3.84965942E-01  2.03030760E-02  6.69420563E-03
3.85583567E-01  2.15467973E-02  6.74712302E-03
3.86201192E-01  1.08456705E-02  6.74928408E-03
3.86757055E-01  2.11220826E-02  7.53345372E-03
3.87312918E-01  2.06072880E-02  6.76540077E-03
3.87930544E-01  1.27598588E-02  6.77623641E-03
3.88548169E-01  2.26388112E-02  6.78751959E-03
3.89165795E-01  3.26257274E-03  6.83418002E-03
3.89783420E-01  6.33028510E-03  6.89332961E-03
3.90339283E-01  1.58576376E-02  7.73059717E-03
3.90895146E-01  1.70159496E-02  6.99947298E-03
3.91512771E-01  9.30575423E-03  7.05101302E-03
3.92130397E-01  1.36989292E-02  7.12217638E-03
3.92748022E-01  1.39532502E-02  7.18541911E-03
3.93365648E-01  2.17332976E-02  7.25029259E-03
3.93983273E-01  1.03459703E-02  7.31938612E-03
3.94600898E-01  1.05583044E-02  7.38359779E-03
3.95218524E-01  2.36745221E-02  7.42606339E-03
3.95836149E-01  3.14676282E-03  7.51048993E-03
3.96453775E-01  2.40137458E-02  7.59375158E-03
3.97071400E-01  2.15684013E-02  7.66636742E-03
3.97689026E-01  1.41582169E-02  7.74432339E-03
3.98306651E-01  1.25352598E-02  7.82292107E-03
3.98924277E-01  1.54493006E-02  7.91422370E-03
3.99541902E-01  9.90434611E-03  7.99803690E-03
4.00159528E-01  1.19178771E-02  8.07724380E-03
4.00777153E-01  1.24993102E-02  8.17359210E-03
4.01394778E-01  2.35527523E-02  8.27739105E-03
4.02012404E-01  2.00317115E-02  8.37028545E-03
4.02630029E-01  2.50153936E-02  8.47178665E-03
4.03247655E-01  2.17910373E-02  8.56521975E-03
4.03865280E-01  1.84020638E-02  8.67956828E-03
4.04482906E-01  2.09591130E-02  8.78890091E-03
4.05100531E-01  1.85508838E-02  8.85901829E-03
4.05718157E-01  -5.58748520E-04  8.99046017E-03
4.06335782E-01  3.50332820E-02  9.10871127E-03
4.06953407E-01  2.06104541E-02  9.24482883E-03
4.07571033E-01  9.41593860E-03  9.37427791E-03
4.08188658E-01  2.85414109E-02  9.52611307E-03
4.08806284E-01  8.90009503E-03  9.67093286E-03
4.09423909E-01  2.14674857E-02  9.80200625E-03
4.10103297E-01  1.66260236E-02  9.17480880E-03
4.10782685E-01  -1.54519784E-02  1.01234919E-02
4.11400311E-01  1.00365521E-02  1.03043637E-02
4.12017936E-01  1.69098346E-02  1.05082485E-02
4.12635562E-01  3.58511268E-02  1.07034692E-02
4.13253187E-01  2.19624396E-02  1.09132325E-02
4.13870812E-01  -1.26122755E-04  1.11213495E-02
4.14550200E-01  1.03586475E-02  1.04364618E-02
4.15229588E-01  6.46146846E-03  1.16746850E-02
4.15847214E-01  1.63961387E-03  1.19045770E-02
4.16464839E-01  -6.35541671E-03  1.21086626E-02
4.17082465E-01  1.22944524E-03  1.23722531E-02


### HEADER:
#
#{
#    "analysis": {
#        "GNOM": {
#            "Alpha": 18.85,
#            "Dmax": "97",
#            "GNOM_ChiSquared": 1.185935668435862,
#            "GNOM_Quality_Assessment": "a REASONABLE solution",
#            "Real_Space_I0": 1.619,
#            "Real_Space_I0_Err": 0.001655,
#            "Real_Space_Rg": 22.25,
#            "Real_Space_Rg_Err": 0.07702,
#            "Total_Estimate": 0.6309,
#            "qEnd": 0.299857155,
#            "qStart": 0.0029028396
#        },
#        "guinier": {
#            "I0": "1.6049370977776514",
#            "I0_autorg_err": "2.207E-04",
#            "I0_err": 0.0012006128562552037,
#            "I0_est_err": -1,
#            "I0_fit_err": 0.0012006128562552037,
#            "Rg": "21.14752402622219",
#            "Rg_autorg_err": "0.0149",
#            "Rg_err": 0.026278488888054646,
#            "Rg_est_err": -1,
#            "Rg_fit_err": 0.026278488888054646,
#            "nEnd": 489,
#            "nStart": 0,
#            "qEnd": "0.06331",
#            "qRg_max": "1.3387780221576395",
#            "qRg_min": "0.061387870185269214",
#            "qStart": "0.0029",
#            "rsq": "0.9925364668648888"
#        },
#        "molecularWeight": {
#            "Absolute": {
#                "Density_buffer": "3.34e+23",
#                "Density_dry_protein": "3.22e+23",
#                "MW": "",
#                "Partial_specific_volume": "0.7425"
#            },
#            "DatmwBayes": {
#                "ConfidenceIntervalLower": "18.35",
#                "ConfidenceIntervalProbability": "95.8411",
#                "ConfidenceIntervalUpper": "20.85",
#                "MW": "19.925",
#                "MWProbability": "50.13999999999999"
#            },
#            "I(0)Concentration": {
#                "MW": ""
#            },
#            "PorodVolume": {
#                "Cutoff": "Default",
#                "Density": "0.00083",
#                "MW": "20.716199323664814",
#                "Q_max": "0.378480874",
#                "VPorod": "40021.99039420052",
#                "VPorod_Corrected": "24959.276293572064"
#            },
#            "ShapeAndSize": {
#                "Dmax": "72.88",
#                "MW": "23.666",
#                "Shape": "compact"
#            },
#            "VolumeOfCorrelation": {
#                "Cutoff": "Manual",
#                "MW": "20.590891113140994",
#                "Q_max": "0.3",
#                "Type": "Protein",
#                "Vcor": "231.5241833468806"
#            }
#        }
#    },
#    "counters": {
#        "comment": "### DATA:\n#\n# 1696\n#      Q             I(Q)           Error     \n"
#    },
#    "filename": "MUT.dat",
#    "history": {
#        "EFA": {
#            "component_number": "1",
#            "component_range": "[1471, 1805]",
#            "end_index": "1805",
#            "input_filename": "GA02_delTraW_042",
#            "start_index": "1450"
#        }
#    },
#    "unit": ""
#}

